6.107368796654856e+02 
6.012955143069345e+02 
5.762447178732710e+02 
5.599326154641550e+02 
5.287603568256276e+02 
4.715880568557863e+02 
4.062413116643407e+02 
3.560189390888353e+02 
3.285921003105100e+02 
3.175359504821170e+02 
3.130993398762409e+02 
3.070521002605760e+02 
2.954279348383361e+02 
2.832484087895065e+02 
2.772508263699547e+02 
2.749231804618203e+02 
2.700440056794785e+02 
2.622655544528336e+02 
2.586335826559749e+02 
2.696551742487345e+02 
3.113322939209289e+02 
3.961833246201655e+02 
4.993368625441013e+02 
5.794103548485576e+02 
