5.378925540216654942e-03
2.354289536926925958e-03
2.865441325892594850e-03
1.392834628432372893e-03
1.258122420641121300e-03
9.738973099378211117e-04
1.058697181969187051e-03
8.869658601919089974e-04
1.618781821318813433e-03
1.130143816517209868e-03
1.183287689352112817e-03
9.700914725253304612e-04
9.938211830683215536e-04
8.734356800862831758e-04
8.949031952879697759e-04
8.153469753780805997e-04
8.533010577024039388e-04
8.140475296194476162e-04
7.855074620949966660e-04
7.592204032972356799e-04
7.257297656671044157e-04
6.569580273361836850e-04
7.036064156614661421e-04
6.436517829061168565e-04
7.696047440507646983e-04
7.222857210122519923e-04
7.362541968354993855e-04
7.000231706607473910e-04
6.682954957535623989e-04
6.222545848638386026e-04
6.560479065383406942e-04
6.133658247734100977e-04
1.052078709670567882e-03
9.321272128469911596e-04
1.051585074599627754e-03
9.890147376435749933e-04
8.491527030927558273e-04
7.713111823704907810e-04
8.872547557512425924e-04
7.746955106504616355e-04
1.010843610286107875e-03
9.868700780172878773e-04
9.188778389749029151e-04
8.946348401335965346e-04
9.196911972611819313e-04
8.036299650256432036e-04
8.983195806360440901e-04
8.312699959840444104e-04
7.230775105427847274e-04
6.911335975921588338e-04
7.138144616464153292e-04
6.788332350613590464e-04
6.450772745910487689e-04
6.188331587807581295e-04
6.478892202891369922e-04
6.353084326257424233e-04
7.194210845319226220e-04
6.715675010657793384e-04
7.435127528290025800e-04
6.814998059307469588e-04
6.510609559977086937e-04
6.582554796382843361e-04
6.597628868335312421e-04
6.631334740847226461e-04
6.281586506235572803e-04
6.125180214606726955e-04
6.151051877832244223e-04
6.043292865117265824e-04
6.054066473007459464e-04
5.974396770986804654e-04
6.004801266958357045e-04
5.969261352073967214e-04
6.008697640520007819e-04
5.976393045241743928e-04
5.960737978774985780e-04
5.939411348353444524e-04
5.909272577501945489e-04
5.874559197188456436e-04
5.904354443176844727e-04
5.878231304403675047e-04
5.963725816961864060e-04
5.887767336292773924e-04
5.912097450681333671e-04
5.835878730145327301e-04
5.891052185656986667e-04
5.881590874129873211e-04
5.803941491974145411e-04
5.728598895957905850e-04
5.857015251411018227e-04
5.729322118353692966e-04
5.692621241104318507e-04
5.568720906698665027e-04
5.668496297760563032e-04
5.631329552558600243e-04
5.607107040572312066e-04
5.555620709126057617e-04
5.999465720358610268e-04
5.859654151881344471e-04
6.101749447164111139e-04
5.880518948809061643e-04
6.104239948023069571e-04
6.123800878683847027e-04
6.023897365381588546e-04
5.784271472908877757e-04
6.222852069881318034e-04
5.886104394023819290e-04
6.255827124445766021e-04
6.028854835587533134e-04
5.911984502434742585e-04
5.667162497017420170e-04
6.014327608840961239e-04
5.722619543010413080e-04
5.534563969089181888e-04
5.470705660721501785e-04
5.487981318249969629e-04
5.504756384622478370e-04
5.538046291299927567e-04
5.515358657048392193e-04
5.555103348568610428e-04
5.572638967248160456e-04
5.561160116428470052e-04
5.594269768399827295e-04
5.592749130512615630e-04
5.559925924771743624e-04
5.617543294663741339e-04
5.549826624027678163e-04
5.545658991608656916e-04
5.458389223454194290e-04
9.162980043560856568e-04
8.368911657007406524e-04
8.967504339781872400e-04
8.210890340023260184e-04
8.555379633579723517e-04
8.056284980564464189e-04
8.096205060946012758e-04
7.613545300252713959e-04
8.691119852468211877e-04
7.792137862703774282e-04
8.478295787774973134e-04
7.402686544992681311e-04
7.638869878369785281e-04
7.519621661756659007e-04
7.306899818398524460e-04
7.357331835935832865e-04
7.587450457243858802e-04
7.164290757429164769e-04
7.602876564973651578e-04
7.351496072641202197e-04
6.758722257449112586e-04
6.616147420813251389e-04
7.001989450754098239e-04
6.814009010703320386e-04
7.476905202689521253e-04
7.263300353835364532e-04
7.241577365559810414e-04
7.036953067323951840e-04
7.137449410654972187e-04
6.910781749243897782e-04
6.973682102770588625e-04
6.917910343668855081e-04
8.379756849542725804e-04
7.564151706456885256e-04
8.437521890400322393e-04
7.742400855022754397e-04
7.260363316728965033e-04
7.151861265710853519e-04
7.418047232847026261e-04
6.999548885644056757e-04
7.982616996921803676e-04
7.315861540184701766e-04
7.399766080647677451e-04
6.963445425533338565e-04
6.991842069252768733e-04
6.732057625142783518e-04
6.714747254656209825e-04
6.571348887694123146e-04
6.966514864226598094e-04
6.807185291068196340e-04
6.708821054025226795e-04
6.649153863297966845e-04
6.813387933518852456e-04
6.871201495094896895e-04
6.591217418715851397e-04
6.604607037858181186e-04
6.622848443270311055e-04
6.542086707895137599e-04
6.399521591820097515e-04
6.226930517253153382e-04
6.386918844723745055e-04
6.371299414578502143e-04
6.154019386619547080e-04
6.215859419380789872e-04
6.341524060228705129e-04
6.049875756619243518e-04
6.378962667460369267e-04
5.953488978158755652e-04
5.854083728717123913e-04
5.712687502527991155e-04
5.749008310867131629e-04
5.687496532002621211e-04
6.471004256252127626e-04
6.037284367368821094e-04
6.654795621562051202e-04
6.231875237242537249e-04
5.747739757010700626e-04
5.655924061875051414e-04
5.867670033246811081e-04
5.636785473900384272e-04
5.587377740046543285e-04
5.499307469552409478e-04
5.629206293447494482e-04
5.565334009812631733e-04
5.496584589900964336e-04
5.395888763210982854e-04
5.545176078054306909e-04
5.416088156582250530e-04
5.609106128017833518e-04
5.614163648381839894e-04
5.561889576901404017e-04
5.597300369782012451e-04
5.581842936555669659e-04
5.451391710566606298e-04
5.559566952466385003e-04
5.472018469930982516e-04
6.723321709554449903e-04
6.386872556093367353e-04
6.634883454856190096e-04
6.493414009757379670e-04
6.060465397881776477e-04
5.748459532491634588e-04
6.264143365533815684e-04
5.937966508161860498e-04
6.490701278690368288e-04
6.492715491534190118e-04
6.299188155494032200e-04
6.347936293671098927e-04
6.308478550083410638e-04
5.985716400692360018e-04
6.318631713801135287e-04
6.022802035221658766e-04
5.597885618113383104e-04
5.587342167718942383e-04
5.675013253101657273e-04
5.651872440221241030e-04
5.589607427806988745e-04
5.554191628751467763e-04
5.748130960846400007e-04
5.759137897696098990e-04
5.668703051209367889e-04
5.630486175774899278e-04
5.678180177467619496e-04
5.603435479564540132e-04
5.759670329931696484e-04
5.691179775436053679e-04
5.557709027549455859e-04
5.518732988705304628e-04
3.984762749213274953e-03
2.305589558164321436e-03
2.312713272906846088e-03
1.696374123653500909e-03
1.583843685752147918e-03
1.379357055619037913e-03
1.350762285751357615e-03
1.175851092564186460e-03
1.624850830485310678e-03
1.428752882530651786e-03
1.290684806983978614e-03
1.213824271008215067e-03
1.140662742246504246e-03
9.082130376775960148e-04
9.825365189694364350e-04
7.925175838494406518e-04
1.156313200909235388e-03
9.205223085723584272e-04
9.892303064339882240e-04
8.345459267920053497e-04
7.818493253746121698e-04
7.227289478266532737e-04
7.521715185624085545e-04
7.138854668136104852e-04
7.992884825016811825e-04
7.624852269922909867e-04
7.301915760053861179e-04
7.231485668717125030e-04
7.246344376604308335e-04
6.750832497869540746e-04
6.917760873525094067e-04
6.406079668637032097e-04
1.101197151666460147e-03
1.046552668284853960e-03
9.585908308598226155e-04
8.894079646792605633e-04
8.824216947372352836e-04
7.392401074941001588e-04
7.854469428990123146e-04
6.811688051104480444e-04
8.614722158996604082e-04
8.066719425855574735e-04
8.277091147025947932e-04
7.443966093303396904e-04
7.424509035620002534e-04
6.790930242799621264e-04
7.226631390482220630e-04
7.041983628521063894e-04
6.812204381746798758e-04
6.595935082938400541e-04
6.256942943278860549e-04
6.031210259937142080e-04
6.196219840730172968e-04
5.925230284852273793e-04
5.694271367925058790e-04
5.724038980889745816e-04
6.126561738652340017e-04
5.774942335766005633e-04
6.444917826467502168e-04
5.927859422535494607e-04
5.588472720079916628e-04
5.739794791022579355e-04
5.734902974406500854e-04
5.921942804615610819e-04
6.766027987043945037e-04
6.490327917756578578e-04
6.770002791569839631e-04
6.526626894714731121e-04
6.506687783385692401e-04
6.428628903586224540e-04
6.480499560825652653e-04
6.431790646108960768e-04
6.519483198325038645e-04
6.525136165024195004e-04
6.288530909347797440e-04
6.439236524166663941e-04
6.567687501611176428e-04
6.521627013741991379e-04
6.560869367371961183e-04
6.312592039460932034e-04
6.264078330482995534e-04
5.913458411470386969e-04
6.242434456849992345e-04
5.867053281386904557e-04
5.635402441785919122e-04
5.590502944512345087e-04
5.643994987792632680e-04
5.633237410133235239e-04
6.099549358703462883e-04
5.750249176602675871e-04
5.886579805727868396e-04
5.648289977271051107e-04
5.575925020494941920e-04
5.488317211511329003e-04
5.502068736499848454e-04
5.394164080829579695e-04
6.048544646102393257e-04
6.370235959635648640e-04
6.145257981578380966e-04
6.535544175749866168e-04
6.474271331254056712e-04
6.106402918576123726e-04
6.405367646367188857e-04
5.938944278575335580e-04
6.226579279484384518e-04
6.455272195743192451e-04
6.168059908677828987e-04
5.989910902014531843e-04
6.092216699750744018e-04
5.760835705786827377e-04
5.786982001521504904e-04
5.636458977285862268e-04
5.781857833867411591e-04
5.580018692408411163e-04
5.673215673372976635e-04
5.463096041114069799e-04
5.475062748262403368e-04
5.404711109818224153e-04
5.402810359591222761e-04
5.408212797245496532e-04
5.535048526767283967e-04
5.402275490346953148e-04
5.508628954849586990e-04
5.402499312920927294e-04
5.366434854251517401e-04
5.387229213405102289e-04
5.381662698612948471e-04
5.421771611962994961e-04
7.553781413287170843e-04
6.711799097477539559e-04
6.898115767150135537e-04
6.401287542710844009e-04
6.631782794510536049e-04
6.666158528692131460e-04
6.239144726106776338e-04
6.146301941378233460e-04
6.537028344704267149e-04
6.239878023807336879e-04
6.224486913407712525e-04
6.023464144308323396e-04
5.980624176192808530e-04
5.886195769493201028e-04
5.921251972182858510e-04
5.895156616049687095e-04
6.419779076685517118e-04
6.099799027105825763e-04
6.024005509939532686e-04
5.914491003038107979e-04
5.892601437746889650e-04
5.995907786278014458e-04
5.834970889776452257e-04
5.781398361817866559e-04
5.879321236040891980e-04
5.762666401684359225e-04
5.803696085796787975e-04
5.674518067095925310e-04
5.720475954059352827e-04
5.738938608534963591e-04
5.684080644014226271e-04
5.705187523795376883e-04
6.226110877782608079e-04
6.121161742501901289e-04
6.225157322779389414e-04
6.125177943875601038e-04
6.003801781186504389e-04
5.868975311250754136e-04
5.938996765828107732e-04
5.809304129414631515e-04
6.033136688884353782e-04
5.888737742924563890e-04
5.833093333532840584e-04
5.716002258214258110e-04
5.782675584462472918e-04
5.723851547877788562e-04
5.663238028882549907e-04
5.581367186374826218e-04
5.700357126452748092e-04
5.660614836664462765e-04
5.736663943421148630e-04
5.652674030382043129e-04
5.692788116040458984e-04
5.630505072480553519e-04
5.573229703817657874e-04
5.531299664083851432e-04
5.625224155795833115e-04
5.509881629486118289e-04
5.501035030039872322e-04
5.517010482549632123e-04
5.513629693204651593e-04
5.510282251553654453e-04
5.533259881909689598e-04
5.457119064175842667e-04
5.911958807251339702e-04
5.773892910670259341e-04
5.739373484757396421e-04
5.767767027959201827e-04
5.725827333727659179e-04
5.587898823330427487e-04
5.771805094400245077e-04
5.589472598750921083e-04
5.761985488742337033e-04
5.725967433629114596e-04
5.630507913359181780e-04
5.557584278598640213e-04
5.702066743054691770e-04
5.592063286827328580e-04
5.523171327179095562e-04
5.560901189127652380e-04
5.489958162567053863e-04
5.402900713407734774e-04
5.507287604552680953e-04
5.474258313238421604e-04
5.428946464689403742e-04
5.484482631900460285e-04
5.493582013061473236e-04
5.570480179617464398e-04
5.647605490753543908e-04
5.578236437596362446e-04
5.666269105469592081e-04
5.565115202196309211e-04
5.539970737438690588e-04
5.568052842049786219e-04
5.540179281811354311e-04
5.508000922524022760e-04
5.578508970252793941e-04
5.536362245295393123e-04
5.550979325377768722e-04
5.522545125315393060e-04
5.464743592539608079e-04
5.503075104195190304e-04
5.483011124973078635e-04
5.482855305069146831e-04
5.485520492265405978e-04
5.502211716055699668e-04
5.406324801888983929e-04
5.448606493606340416e-04
5.491729657724175569e-04
5.470104770504450546e-04
5.435296279800648197e-04
5.425870914423213537e-04
5.567966846179776786e-04
5.546935726506923648e-04
5.491300753951041096e-04
5.536345374086310564e-04
5.554864791445236457e-04
5.528174980445929153e-04
5.546098368551198848e-04
5.498560748506427622e-04
5.449323510566931889e-04
5.466041079914672361e-04
5.463498618216562587e-04
5.549073969053498322e-04
5.456311366867574878e-04
5.436212273403309052e-04
5.534165779280507272e-04
5.483924899105251018e-04
1.292115684579884464e-03
8.953269683505460158e-04
8.794844369226760290e-04
7.316111792774462538e-04
7.331168702140613115e-04
6.692063599558079881e-04
6.707337320444661322e-04
6.619579670480687031e-04
7.002851153147841238e-04
6.474875043902650991e-04
6.717925664287037945e-04
6.160669137966612438e-04
6.226746346801085262e-04
6.263751854811569963e-04
5.809166838021776478e-04
5.790452459401631289e-04
6.352359255935403426e-04
6.190696654881955611e-04
6.230192082611786400e-04
5.880318725741852512e-04
6.459786169346119723e-04
6.370054025994219575e-04
5.896643399463929189e-04
5.932842169352599239e-04
5.971449444295116741e-04
5.637894482005224644e-04
5.676335833756007612e-04
5.492516978875636603e-04
5.584301528972342122e-04
5.686008678891047103e-04
5.387093453384473544e-04
5.444519138150694538e-04
6.240097656592993305e-04
5.902723945102730579e-04
5.901563989969026754e-04
5.672379015343085272e-04
5.725542067222732720e-04
5.727316896883735122e-04
5.643510832331784244e-04
5.723609481040668832e-04
6.087917732211220239e-04
5.807031805766798161e-04
6.171326314318451240e-04
5.894804791035263567e-04
5.628820435636101936e-04
5.704828934515102350e-04
5.738479429857003180e-04
5.843093173127788956e-04
5.677477331361494017e-04
5.560052131650452265e-04
5.727987741117849954e-04
5.669188835495423632e-04
5.479150176716645346e-04
5.489309311322906199e-04
5.745827465363864423e-04
5.709588412086071029e-04
5.789468444435695365e-04
5.827470960020539586e-04
5.882477775117651159e-04
5.854457715823753331e-04
5.756768588711995384e-04
5.694124712320482173e-04
5.675783894709818386e-04
5.579009250298741594e-04
6.098268426390611192e-04
6.183800484852732763e-04
5.899358954009209250e-04
5.883863379635983918e-04
6.028802021451338308e-04
5.889956129001628401e-04
5.845913036903244890e-04
5.886252603502574758e-04
5.724019237846540752e-04
5.693397307226933778e-04
5.528936569405528941e-04
5.611750062269384729e-04
5.691652786763309836e-04
5.793345860940738064e-04
5.642743985198238289e-04
5.674974141838929438e-04
5.962372891161649320e-04
5.929297286276594700e-04
5.944129567577716416e-04
5.833938049211323269e-04
5.832074315609428808e-04
5.884422578253624067e-04
5.710205059055833672e-04
5.854933899873732053e-04
5.844116469904484792e-04
5.707963828579565345e-04
5.767937745473940281e-04
5.694466922400750857e-04
5.643103058749407690e-04
5.857827924217209837e-04
5.719711324318227808e-04
5.963751223671983053e-04
5.551213336471358525e-04
5.681685555011566557e-04
5.752333008497984967e-04
5.748469597987856472e-04
5.659169848439753268e-04
5.656517375715573465e-04
5.598508293072169484e-04
5.692315969734565743e-04
5.690584553148219770e-04
5.557158827550093098e-04
5.606507272548555063e-04
5.571022883757468592e-04
5.561473166267015284e-04
5.710651825454831189e-04
5.600842923806462507e-04
5.718781877524737808e-04
5.760070295295448414e-04
5.779402409711579440e-04
5.802424204369360447e-04
5.991955746043105963e-04
5.829297854926619510e-04
5.931086570590229272e-04
5.867952357090669381e-04
5.784371748416124387e-04
5.909505710457071655e-04
6.030316188790034579e-04
5.829184292888463107e-04
5.821184851305534176e-04
5.823690242652027017e-04
5.676630858330131580e-04
5.799355103793216604e-04
5.643788155186272746e-04
6.269452209830806387e-04
6.044148765744643314e-04
6.284876711673110204e-04
6.126684782505010737e-04
5.841795377041910601e-04
5.816766212040561232e-04
5.834940731762333502e-04
5.696056701678092055e-04
6.072208845881223735e-04
6.077713230956570054e-04
5.881323171809281145e-04
5.885820064824108912e-04
5.863259733548494739e-04
5.747293232998147141e-04
5.714576452234995619e-04
5.592768359483474803e-04
5.803426206027525319e-04
5.758917783547579583e-04
5.741356695499572841e-04
5.674157042482806104e-04
5.635269332637279742e-04
5.578349589904306851e-04
5.584799207668097662e-04
5.643102377445315771e-04
5.708638373903040294e-04
5.541480622684094711e-04
5.588671157296200070e-04
5.538205544759808698e-04
5.526970919298991288e-04
5.601352200924299748e-04
5.547492165187969211e-04
5.617477035510940386e-04
5.788889675468833831e-04
5.618872380254653952e-04
5.668412652141098995e-04
5.451669637064660056e-04
5.460751989616674865e-04
5.443424942962829007e-04
5.362569657923042408e-04
5.342390578335774916e-04
5.554379434537669216e-04
5.485757385676180188e-04
5.558635682466916451e-04
5.804120055344999269e-04
5.521571134751730031e-04
5.386340387299776329e-04
5.707401665253498523e-04
5.399594699811803957e-04
5.461855252710844707e-04
5.472762713235036726e-04
5.284379335947841450e-04
5.363830297099977853e-04
5.537663698316980590e-04
5.584513713442410118e-04
5.433702966447670696e-04
5.461748364264605018e-04
5.332834551683290902e-04
5.400697660070521771e-04
5.342124193028393577e-04
5.358923399406110861e-04
5.370498175649780119e-04
5.375901877881937487e-04
5.350076566241540252e-04
5.388543477011494085e-04
5.596376455167176430e-04
5.642770717971694111e-04
5.678108525868580739e-04
5.764929996153045485e-04
5.654310832435947712e-04
5.656757839536796090e-04
5.765251865800486526e-04
5.665100094415408604e-04
5.695399429078833739e-04
5.748736583038678485e-04
5.694935137560402233e-04
5.635482121982721701e-04
5.720340310342575396e-04
5.654304071885787658e-04
5.653068465265209848e-04
5.660349416674254411e-04
5.660711693588001180e-04
5.746059553356769453e-04
5.607539743561952171e-04
5.751100600036819152e-04
5.767902647251367618e-04
5.616364481950095492e-04
5.706725588935669929e-04
5.599371948794837957e-04
5.619735568361107578e-04
5.721267869425204289e-04
5.641379581132800487e-04
5.660343709666669802e-04
5.648019398578347627e-04
5.670023247640239858e-04
5.681048181806521834e-04
5.709473672749097381e-04
5.584446365377200572e-04
5.577499440049861219e-04
5.467924171853806884e-04
5.478544696899377304e-04
5.602153286429353233e-04
5.632590806634329463e-04
5.577215375554549649e-04
5.638700432868199363e-04
5.418412873601165421e-04
5.458855489420173530e-04
5.445982297667193014e-04
5.487287456808231413e-04
5.533001070086569859e-04
5.577613038348108688e-04
5.503006802490394839e-04
5.556282817928019429e-04
5.669265043253990822e-04
5.691456266610691326e-04
5.643393735749976155e-04
5.669635075148738487e-04
5.721693133749104158e-04
5.669481914712366051e-04
5.645557809516923162e-04
5.603236977302075358e-04
5.645167310230965897e-04
5.660059610925604213e-04
5.646892930747635141e-04
5.612232629282902681e-04
5.576394168572847664e-04
5.540313478709754831e-04
5.527501415573841601e-04
5.507004402002677263e-04
7.305580364541720481e-03
3.062836103907811813e-03
3.627812628144427322e-03
1.776591636902379468e-03
1.583634123070470912e-03
1.251606722620157231e-03
1.282615601308886985e-03
1.061605621957255200e-03
1.811525550957232772e-03
1.287294391360218129e-03
1.276453859352682423e-03
1.046471413101266292e-03
1.083227514224987002e-03
9.287403801578962125e-04
9.804728577256058460e-04
8.709686781862694717e-04
1.124763064179437350e-03
1.067173284265501365e-03
9.698011591824137311e-04
9.487452800646761731e-04
1.092957589956339726e-03
1.157335213945758032e-03
9.295561481830532866e-04
9.237631744962157337e-04
8.695507528680925967e-04
8.510133540898824882e-04
7.838010892740357406e-04
7.662988794685596109e-04
8.067676277542285999e-04
7.788034534065477708e-04
7.430354342323734372e-04
7.284986723427596495e-04
1.002634473013113347e-03
9.620766893399575886e-04
8.320727095341589642e-04
8.099613579109650723e-04
1.258739578584758051e-03
1.133706768867720743e-03
1.074740994328644188e-03
1.086874760402204354e-03
7.482592053049636014e-04
7.060008355004131339e-04
7.059451319389124097e-04
6.696186122639977189e-04
7.152500060035294448e-04
7.272575309010343228e-04
6.583772123384489363e-04
6.747296964874282751e-04
7.742654382986519307e-04
7.260695034728854294e-04
7.669677430522510398e-04
7.241158529997615383e-04
7.272909870970781319e-04
7.141510956473963619e-04
7.239024168285472733e-04
6.934699026576272981e-04
7.218387240243094019e-04
7.282820156752170017e-04
7.125794998558676032e-04
6.971142780305966810e-04
6.978954365001901854e-04
6.713225424940862411e-04
6.769093157797794478e-04
6.853061696884337698e-04
1.124317448141870079e-03
1.056769924212569694e-03
9.376147251460781925e-04
8.996786754390296865e-04
9.477116034775364501e-04
8.581015481441848841e-04
8.375906039669126510e-04
8.028458864098628840e-04
7.857334518823768342e-04
7.958853306947760069e-04
7.296187823079866401e-04
7.383128719854953944e-04
7.807087483374579393e-04
7.594570326505666611e-04
7.387441075038180763e-04
7.333913593708819151e-04
8.275878162870849803e-04
8.110461663991112326e-04
7.844541561181984143e-04
7.729552535060875158e-04
7.691464143204776232e-04
7.408245382934996797e-04
7.503190845642353311e-04
7.159706162598085009e-04
7.375300065801888892e-04
7.215982151011163335e-04
7.069633499185114982e-04
6.895790233161160250e-04
7.160896103516709455e-04
6.795153312264047042e-04
6.822812642393532396e-04
6.475470465426871837e-04
7.001195388827211302e-04
7.009955449390189780e-04
6.660889401988910824e-04
6.658358149749706847e-04
7.078744366907370033e-04
7.032457508335389178e-04
6.800208707430108277e-04
6.763461053653262514e-04
6.642876371484833379e-04
6.752217713786934968e-04
6.876244115860915586e-04
7.022426054368036130e-04
6.811735871320465183e-04
6.641172293561253305e-04
6.910718664348816567e-04
6.389778871598207491e-04
6.838765635851371460e-04
6.625000727520519985e-04
6.604702287331979879e-04
6.364431580180592409e-04
6.439011559700666149e-04
6.249838432479492938e-04
6.136692674984249498e-04
6.096518947491234332e-04
6.411583068036104741e-04
6.182436290197081564e-04
6.190910280963273470e-04
6.087079868216990070e-04
6.007750765007071432e-04
6.061718382825632316e-04
5.948206555854583435e-04
6.076022453976409566e-04
6.870315252852175064e-04
6.539466003660301952e-04
6.889301609147932418e-04
6.457499714183828404e-04
6.475678760616515421e-04
6.646342692015438621e-04
6.271781231192027038e-04
6.381466330706662277e-04
6.532248412144168017e-04
6.138496032141282487e-04
6.096813402942776123e-04
5.949848951714683176e-04
6.056342158365509657e-04
6.262316022534097828e-04
6.092592272756849415e-04
6.279026521781306798e-04
6.731866163140148938e-04
6.700434776873057758e-04
6.446085418743571988e-04
6.660705789602195531e-04
6.863500163524899594e-04
6.792812969670045933e-04
6.697355020324559415e-04
6.556232139802207299e-04
6.299480511233727540e-04
6.339716345120899972e-04
6.153946177799344240e-04
6.061899634353733971e-04
6.312885850115884656e-04
6.364765872703083069e-04
6.048816084573956173e-04
6.249820361504887989e-04
5.845137408698566125e-04
5.858791081480100573e-04
5.831444590245504246e-04
5.822504527335806363e-04
5.993530556357462872e-04
6.150645067757144020e-04
5.862738011868428916e-04
5.989120462900847765e-04
5.913940203805199405e-04
5.924165205948941394e-04
5.949387668703701995e-04
5.902975078110059629e-04
5.849300037799804505e-04
5.880169882388084019e-04
5.794993373052258808e-04
5.890110429489658515e-04
6.142342531975239972e-04
6.062809921910050854e-04
6.124661774931169792e-04
6.165720443936192246e-04
6.026659642272868319e-04
6.124290179255914048e-04
6.066733316612912688e-04
6.104066552873998325e-04
6.023737581165064352e-04
5.952500099948088760e-04
5.859901798206291904e-04
5.719603815336041274e-04
5.839538879220861284e-04
5.942082588217594214e-04
5.612338023321064183e-04
5.603399176018302157e-04
6.795950798548315835e-04
7.042437707791362762e-04
6.641163829253728026e-04
6.585750173090730141e-04
6.619140730415689873e-04
6.116921957962118692e-04
6.246585967889556508e-04
6.091853932523238688e-04
6.554361327967708848e-04
6.538063545826382564e-04
6.840990294530438151e-04
7.105893500006289255e-04
6.206655268303821159e-04
6.041864817266976405e-04
6.256119114492890735e-04
6.021927455768154389e-04
6.090998384337503692e-04
5.951269243088943639e-04
6.004332577631507108e-04
5.877633577980507801e-04
5.898689214372304559e-04
6.061481216870658441e-04
5.985895729662413581e-04
6.149066780074295214e-04
5.979752300366326934e-04
5.944877673544351907e-04
6.030102385214424670e-04
6.032568002198677309e-04
6.088047005684729240e-04
6.193307772675886924e-04
6.067688620405925970e-04
6.094500298319435435e-04
6.499645248335432154e-04
6.455307765921071981e-04
6.477122922644103133e-04
6.920900859169179173e-04
6.145368425188576849e-04
6.114438918773957557e-04
6.381195158367645049e-04
6.082676598507836142e-04
6.678826955227508974e-04
6.810682218436394384e-04
5.689493732093628452e-04
5.728117802025002635e-04
6.100529005967640812e-04
6.312147196052806958e-04
6.199091689637407617e-04
6.643359929382756024e-04
6.115471403075839561e-04
6.074846747071275567e-04
6.049660411027162499e-04
6.046737278031032821e-04
6.037026522921961832e-04
5.892746049890691326e-04
5.899125075530509653e-04
5.668190349897659491e-04
6.181512438960210529e-04
5.839019054232659359e-04
5.978170853064613838e-04
5.639627427871563188e-04
5.705095707867645013e-04
5.551434802364651989e-04
5.591230396059014779e-04
5.539213316631965518e-04
6.434439862527949801e-04
6.650026506422713297e-04
6.692346223895042972e-04
7.107126969003902143e-04
7.175330042960547392e-04
7.829618609589925624e-04
7.764192559244550030e-04
8.331963386666964896e-04
6.901522547068136663e-04
7.402003661620219213e-04
7.195928514096422424e-04
7.646246354005995297e-04
8.196568382860101474e-04
8.957178852392657644e-04
8.340529879519761446e-04
9.446871346244521466e-04
7.776944154879912325e-04
7.542558778331432063e-04
8.417464727590304781e-04
8.589905324663146520e-04
7.396934515802992306e-04
7.578519521611783855e-04
8.253569496199501289e-04
8.213104481263705471e-04
9.001308555496022627e-04
9.658608043388681053e-04
9.499977997721617507e-04
9.706071637517872620e-04
9.511237042852536050e-04
9.289148196273603166e-04
1.052951891598558542e-03
1.137111972366274416e-03
7.214273924275833383e-04
7.658304086591284600e-04
7.192075318584069529e-04
7.502747553719789353e-04
8.139529682454953391e-04
9.052703433969829525e-04
7.938681407357574488e-04
8.644882974916075821e-04
7.304183754236316748e-04
7.498419413878221933e-04
7.736111751617733272e-04
8.161608763137723254e-04
8.174166442583502903e-04
9.430076802119200397e-04
9.333856821022909998e-04
1.140575450288054682e-03
9.630896050111482573e-04
1.012660922728912888e-03
9.629529859376899890e-04
1.122163202441173657e-03
1.156869572816403725e-03
1.476780040379551068e-03
1.392367931699327755e-03
2.151341925257409943e-03
1.127612635241319024e-03
1.448093995949521979e-03
1.449820487993503781e-03
2.184161822839548669e-03
2.172325745306607787e-03
4.643034139257283532e-03
4.834233034383719242e-03
1.277444752546115156e-02
8.059993661858753022e-04
8.842044436076993818e-04
8.592388882327794443e-04
9.686057489185241880e-04
9.958703012613770011e-04
1.233150096017254175e-03
1.182219067059004812e-03
1.717787328836687180e-03
1.024287531697361080e-03
1.265822131510851035e-03
1.328286009186993534e-03
2.024041087579609658e-03
1.783671869943277482e-03
3.917731711481193223e-03
4.378040436061280544e-03
1.039492578750880747e-02
1.710400535636110927e-03
3.393989842802570822e-03
4.010076615047094423e-03
9.109896761499106099e-03
7.108394680002604223e-03
8.551182536634409706e-03
1.159855965571039184e-02
7.341138127513117777e-03
1.042292226889591361e-02
1.535269516092198708e-02
1.542348178727444806e-02
1.101515740530713619e-02
9.292891545795288477e-03
3.642395915919819684e-03
4.657642798199666118e-03
1.942192185413857798e-03
2.242613123860636229e-03
5.387965919408811005e-03
5.017350633540372355e-03
1.198688936398230320e-02
1.298695776873394665e-02
1.631357101237491600e-02
1.882779321611327897e-02
1.384692830180392700e-02
1.105834729822581519e-02
1.494792093432607653e-02
1.568887061021527127e-02
9.741147674504563661e-03
1.076223627932443305e-02
5.235025611111166800e-03
4.288095302836115140e-03
2.198589618109475421e-03
1.085750878481963992e-02
4.690680903363569736e-03
5.701309773487200395e-03
2.596063482719159366e-03
2.428752656305272015e-03
1.481654405079777014e-03
1.833303395015688881e-03
1.292165782141482073e-03
2.790525589306060410e-03
2.038275478437904294e-03
1.808516311469114202e-03
1.741712322902037435e-03
1.579931167704905649e-03
1.161527764793236859e-03
1.471275787315086360e-03
1.117261588887047451e-03
8.236822475624306847e-04
9.238463665582534543e-04
9.094403858782555304e-04
1.127511935743917126e-03
1.104598637767299730e-03
1.493514846788036431e-03
1.504706842153671204e-03
2.565178783940025731e-03
1.068652963997490787e-03
1.423355977613482200e-03
1.273059239400558184e-03
1.990845131656781598e-03
2.420365883736931133e-03
5.937595544073321491e-03
5.633313921116992612e-03
1.474855420297498283e-02
2.239055159984412215e-03
4.876882508584923226e-03
5.064350343014647517e-03
1.154713767938861206e-02
1.136277570414000009e-02
1.732611153441939236e-02
1.854744369583311361e-02
1.350114574541729298e-02
1.185756365596025812e-02
1.583345727812691256e-02
1.799871919506487034e-02
1.217975211217570825e-02
1.234567038096157261e-02
6.022498050060683290e-03
5.775601043656567943e-03
2.840590528611974981e-03
1.662994081215993019e-03
4.220309850887058074e-03
3.286306440276400530e-03
8.879631859761476231e-03
1.309679475195883042e-02
2.016519266065460933e-02
1.618815304845676664e-02
1.272022394672690099e-02
7.446056041926161703e-03
9.482315051009783044e-03
9.992898348833767486e-03
6.304839092053841562e-03
8.688206798512530804e-03
4.416682103178038929e-03
2.870691637429526998e-03
1.753738137954195505e-03
1.314290905155972994e-02
5.733376874805336774e-03
5.211306651268458184e-03
2.626857275817155377e-03
3.128672253862647794e-03
2.153843161022887635e-03
2.071250193598010193e-03
1.686939834211095965e-03
2.203176293705000257e-03
1.651946641524422617e-03
1.385941969660070463e-03
1.234914777479535547e-03
1.555732563163721160e-03
1.416109406176493946e-03
1.304039194613444610e-03
1.335296307333605319e-03
1.279899673846729077e-02
4.817156465244150018e-03
5.562623580623582246e-03
2.702848569585564360e-03
2.342446554671894984e-03
1.590797784315075257e-03
1.854313630111325542e-03
1.411398129958657674e-03
2.642820953652332602e-03
1.820781548902950485e-03
2.048016720148810969e-03
1.944106135419512976e-03
1.627503393907357449e-03
1.450395040891869908e-03
1.912327227276113418e-03
1.709344795204002483e-03
1.474288036232500104e-03
1.519750148439660354e-03
1.396606795312432120e-03
1.462457094451188747e-03
1.425767076387378287e-03
1.190566100162559560e-03
1.349662131666113513e-03
1.114758371268313817e-03
1.636052708930014988e-03
1.774586814825352462e-03
1.849799296837556549e-03
2.090668721757940260e-03
1.505827372027693971e-03
1.092470509773744384e-03
1.824243285929720787e-03
1.201092321705323580e-03
1.951607432681161467e-03
2.369693546004759607e-03
1.489093036007627146e-03
1.803973539560215465e-03
2.427122836366083034e-03
1.932965305154667841e-03
1.933191035353155852e-03
1.629725926806022390e-03
1.178362941972828587e-03
1.236300864466662172e-03
1.145278485600508163e-03
1.151172259887434926e-03
1.318716256562497535e-03
1.196898021179405077e-03
1.137001986956918649e-03
9.806762063113553564e-04
1.703328584457145705e-03
1.756100921838755092e-03
1.352441836639474296e-03
1.224295344579600341e-03
1.594595471640108345e-03
1.103090580026022584e-03
1.102406426474271048e-03
9.391025061618314511e-04
1.064589221150643488e-03
9.775354235977806294e-04
8.940065795590093232e-04
8.628965873690963269e-04
9.063642963161258224e-04
8.632225358070537511e-04
8.171443773447927906e-04
7.850682956251001229e-04
6.894084158201525857e-04
6.796675861648934346e-04
6.691134784025896129e-04
6.445991817400918743e-04
6.670553520379988522e-04
6.642176898076565658e-04
6.452388207436936208e-04
6.407169729016810346e-04
6.263430774241531516e-04
6.209276076594123306e-04
6.482746379209922962e-04
6.589019898743345583e-04
6.317461938197157893e-04
6.476558137267935398e-04
6.632575616444010133e-04
6.880715884840489863e-04
6.745901252646329532e-04
6.795484717293453440e-04
6.729752816610821801e-04
7.184764087972343553e-04
6.943287728897678352e-04
6.929018990907010855e-04
7.404755691673128772e-04
7.635747006139700964e-04
7.030498218828785647e-04
8.044056165409978415e-04
7.514798566359760139e-04
8.916448538913846053e-04
8.332765598893973049e-04
8.302037752772876327e-04
9.042488091524548575e-04
8.341969879696681462e-04
6.735488638082215082e-04
6.852203637935839640e-04
6.856880370224489613e-04
6.966049556052021467e-04
7.052225197905302029e-04
7.510925243871973724e-04
7.442124522822393933e-04
7.943815197759765282e-04
6.957352589731837780e-04
7.266045646626258453e-04
7.178062515581294482e-04
7.528892361130738297e-04
7.860321657911363384e-04
8.285449984707036466e-04
8.006060834424955737e-04
8.818080721760999333e-04
7.926668529751230725e-04
8.714297324971088205e-04
8.642874183974051964e-04
9.932579079759548332e-04
9.205586640122457188e-04
8.734202053250452380e-04
1.107897834198913554e-03
1.150060701578595841e-03
9.309648085324396215e-04
1.167373166188397440e-03
1.057268276860402973e-03
1.665263367344014308e-03
1.445166955307561037e-03
1.743909607802827250e-03
2.704019755846151941e-03
2.974649825218542154e-03
7.004333152479449163e-04
7.596649056203628363e-04
7.686121533388111642e-04
8.248564493941884252e-04
8.913320257557289265e-04
1.058735565533170308e-03
9.988956957653219535e-04
1.269394064530082527e-03
8.342454711429878565e-04
9.187275224505671170e-04
8.549806076001301245e-04
1.084076069670644044e-03
1.315311976275488400e-03
1.960969266267824102e-03
2.315933950479410076e-03
4.377799184489963163e-03
1.296767799604546523e-03
1.463183944196344436e-03
1.605227114867021146e-03
1.958207802015241982e-03
1.831678207040496071e-03
3.410342217130229829e-03
2.242656561461887823e-03
2.416511701871625582e-03
2.218769882341804431e-03
2.572301508452519599e-03
3.518061091028129757e-03
3.414420083760397098e-03
2.465740888289224414e-03
1.919268020489999903e-03
2.894200558850802425e-03
1.625604057841827359e-03
9.327156706632696876e-04
1.417923552436210679e-03
1.319875919219688299e-03
2.041080777242346243e-03
2.833184577008152072e-03
4.981033016020872291e-03
3.283040919637115682e-03
4.050085873092913215e-03
2.373621780229986326e-03
2.981730943616297223e-03
3.843903916237934992e-03
3.802860057152051242e-03
3.496064355629370686e-03
3.081271522535793290e-03
3.167455229574361267e-03
2.230800835252076935e-03
4.289801063140069766e-03
3.276615999709463732e-03
3.602052448763976185e-03
2.316298270799153122e-03
2.671862369244394717e-03
1.447923788115216799e-03
1.557467125084631551e-03
1.126983505520037527e-03
2.592540046346749737e-03
1.768331458936457786e-03
1.693430794919270057e-03
1.404195711334186008e-03
1.276889234634287712e-03
9.988494404996001250e-04
1.229600598539172399e-03
1.020606706579345888e-03
7.219127910999854425e-04
7.813289975589936048e-04
6.919341165444161052e-04
7.771139375269978328e-04
8.965358852573804835e-04
1.087508442142005351e-03
1.016596092218692354e-03
1.534377460749498413e-03
7.089312280873574790e-04
8.405079258577253338e-04
8.263943705357359266e-04
1.073862774529990138e-03
1.195861941209771032e-03
2.182318159927465733e-03
1.785653738069162104e-03
3.047470126938559964e-03
1.599274213826127515e-03
4.156713628192231121e-03
3.184695758790578521e-03
1.052673819310197094e-02
8.061249718085786511e-03
6.337694076664612645e-03
1.790177041196104601e-02
1.044874017805683813e-02
4.871235739864655453e-03
1.154617523800923438e-02
5.041771442259647754e-03
6.133982514233818351e-03
1.732267202705296480e-02
9.542129947132970899e-03
6.433543000028384314e-03
4.027820360075527219e-03
1.041310636890250326e-03
1.669860255772290074e-03
1.862824905987272737e-03
3.215486145192150876e-03
3.005061684987516205e-03
3.489356569795365286e-03
4.018920179478490708e-03
2.922144977873018887e-03
5.475885491981312241e-03
5.769893808645161146e-03
8.077080062267687904e-03
5.235322640713828933e-03
3.468651611078039845e-03
1.738397484856157860e-03
2.133277158682742990e-03
1.206032067989029231e-03
3.297548582534575671e-03
2.636537247267278262e-03
1.697842020083975686e-03
1.209809662276053284e-03
1.864138082602304113e-03
1.362864125925551326e-03
9.348687494965368227e-04
8.066918207091862717e-04
1.065352269508417415e-03
8.829085456644060860e-04
9.221272888647217636e-04
8.243763318114461945e-04
7.632503351928836884e-04
7.222786632122906673e-04
7.222681145887686806e-04
6.819982167062767957e-04
4.474617444144589340e-03
3.353574752468426769e-03
4.138276169442590795e-03
2.108117068133007112e-03
2.053587045508621558e-03
1.620124136536451763e-03
1.291804925368876490e-03
1.086038013002441896e-03
3.110302970949037002e-03
1.305738375352193852e-03
1.659215626142601652e-03
9.240408178655386360e-04
9.387761789390054300e-04
8.178918180047669564e-04
8.038770335338030551e-04
7.317973186696131180e-04
1.272766834279366556e-03
1.103868589939470141e-03
9.556070827783573300e-04
8.993477941299864815e-04
1.071936236926540349e-03
9.438399053203802135e-04
9.005055149571742452e-04
8.139935226536293032e-04
7.656681494514360918e-04
7.662677894948835859e-04
6.953867369820104522e-04
6.957481868558185178e-04
7.571253101899660378e-04
7.127148846362268281e-04
6.980561479378193969e-04
6.671272309931538559e-04
9.305648619897332165e-04
7.656486835117609288e-04
7.453617243444962161e-04
7.009102958987307661e-04
7.347948996091893193e-04
7.027574322837527735e-04
6.727600234681694680e-04
6.591936323285478962e-04
6.917137865063084819e-04
6.658509831339318522e-04
6.588708362289253913e-04
6.328834638308529492e-04
6.495355892022372599e-04
6.243476863798681211e-04
6.230268938067607494e-04
6.011969983410471148e-04
6.773113687189044694e-04
6.716113306348665086e-04
6.620384671091323996e-04
6.514155311684958214e-04
6.649255788206522369e-04
6.465162550668753644e-04
6.312770778341920746e-04
6.188343186563577750e-04
6.281367208112167630e-04
6.260075329512133652e-04
5.984302225648541890e-04
6.005258124373946769e-04
6.137990508121946714e-04
6.049265806499741624e-04
5.986541430292584721e-04
5.987545383782829885e-04
8.051210212532065565e-04
8.908935628522288239e-04
8.689784468999036532e-04
8.959090548318708862e-04
9.717187182262741318e-04
8.741201660880518805e-04
9.764732261172161514e-04
9.377233122676130331e-04
8.948415914685673269e-04
9.294620031157128058e-04
8.367476703196119817e-04
9.250533800576590717e-04
1.055626977451020994e-03
1.098771015090416235e-03
1.088173147757666784e-03
1.183620372634374774e-03
8.119139432805334801e-04
7.424388321826969886e-04
9.004665186946635494e-04
8.468610725659067020e-04
7.482157373479968870e-04
8.949777605593992394e-04
9.267045465964875639e-04
1.238572759939793452e-03
1.103955566337170950e-03
1.039054621941914395e-03
1.203036575847304945e-03
1.144099056812765631e-03
1.186037737438098896e-03
1.788159119927001158e-03
1.227492089347583968e-03
1.667557645714341438e-03
8.407984905970291700e-04
9.178891626990572095e-04
8.626402414218273208e-04
8.743615699217565295e-04
1.082601775286799045e-03
1.172119753143099647e-03
1.008984568720113851e-03
1.176698906714045102e-03
9.502536541006451455e-04
9.077400155102479046e-04
1.377300754293100558e-03
1.203775982278478202e-03
1.008867651639604136e-03
1.223770268486314454e-03
1.102437816363296573e-03
1.202494742998908408e-03
1.180249956177553987e-03
1.167787455336712337e-03
1.222853100307330024e-03
1.178977383782535155e-03
1.248272722134817578e-03
1.411001961189642471e-03
1.700513997498327929e-03
2.916683144093721539e-03
1.302748791026459669e-03
1.250268239728444253e-03
1.264214193541220643e-03
1.260065899480594925e-03
1.691310242424433298e-03
3.123803401830570637e-03
1.470444245393159356e-03
1.856463050795247819e-03
1.496677062959378022e-03
2.324553919840240904e-03
1.481149161098094247e-03
1.692028641459643150e-03
1.739808350608354872e-03
1.082388260936653244e-03
1.411686683614579762e-03
1.233686278443574735e-03
1.852550712871500228e-03
1.454471400994177249e-03
1.736143998512406326e-03
1.348026326842641492e-03
1.186025805089212367e-03
1.856408391921368986e-03
1.194912549551177799e-03
1.818575262292506517e-03
1.058523722176818362e-03
1.228919699268489875e-03
1.539452803741362709e-03
1.625331537294623548e-03
1.437264478213257785e-03
1.626472441113276449e-03
1.440010046287723035e-03
1.106888057516357661e-03
2.742098365763171158e-03
1.925753647550294953e-03
2.688956771972484359e-03
1.692613014406105362e-03
1.227659236400463092e-03
8.421861113390989410e-04
9.779756017971438700e-04
7.482026851323884346e-04
1.326182561481838640e-03
1.427147447054148612e-03
1.936571675109342123e-03
1.900641059187211995e-03
1.574893645012471121e-03
1.688322141217739021e-03
1.911350240200265739e-03
1.390417156427220481e-03
2.393065861576577219e-03
2.157448698131289068e-03
1.760502037824267967e-03
1.645018269080437013e-03
2.035342963187907785e-03
1.181490926289013692e-03
1.638916527258415558e-03
1.032186932025133327e-03
1.933582352004362820e-03
1.236507860250736068e-03
1.177658149166331460e-03
8.647959075279598078e-04
7.794761705304550752e-04
6.689237955458781758e-04
6.880056791268017750e-04
6.233878054728574526e-04
8.604721607283729234e-04
7.412948114183915511e-04
7.858174315871932448e-04
7.243014781104060865e-04
6.897851296863558891e-04
6.422291990938019035e-04
6.977247068326059443e-04
6.552999877295718817e-04
1.320198106453111158e-03
1.510144703616460825e-03
1.060855872460691237e-03
1.418730205834263687e-03
1.413121792358987706e-03
1.270624258352752315e-03
1.530990033546066834e-03
1.340110967871268200e-03
9.844081439232908043e-04
1.112361954218475148e-03
1.030800046700680117e-03
1.164711234691374105e-03
1.267735531420314740e-03
1.282430241852359955e-03
1.379086258152436781e-03
1.545608905388871478e-03
1.322611267647317733e-03
1.533381389565158888e-03
1.325309684704574931e-03
1.585211734287835178e-03
1.951556833383427279e-03
1.732234675671575144e-03
2.150396913042910974e-03
1.822613428209006285e-03
1.237262616848006092e-03
1.319475244619590067e-03
1.485323767683499000e-03
1.290367571068033953e-03
1.547737709678617289e-03
1.397180236029836554e-03
1.134236417515369555e-03
9.635162004071120027e-04
1.230617570203276995e-03
1.583559808606156000e-03
1.586384933758713291e-03
2.123613655153754054e-03
2.060730300743160177e-03
1.982184251315788175e-03
2.433742857836782101e-03
2.112682420393828964e-03
2.216599121650173528e-03
2.499847698346350285e-03
3.477723435452062702e-03
2.719465453969206747e-03
2.009861634505265976e-03
1.629658977548331319e-03
1.775996508959675792e-03
1.394503355903139920e-03
1.603180153644827603e-03
1.217786213290708228e-03
1.570368846259355498e-03
1.102896832912306745e-03
9.914690551833811160e-04
8.636689872434357091e-04
9.286017624494586394e-04
8.453979641249700829e-04
1.341567787102422409e-03
1.069723576016106412e-03
1.216585598126821571e-03
1.016871989016867889e-03
8.952209984528495439e-04
7.983743525047683458e-04
8.417463204898600069e-04
7.374722809637702372e-04
1.380779723680834173e-03
1.206804964174653869e-03
1.221440194864672427e-03
1.041491075193932969e-03
1.019509545984226186e-03
8.133193348464721204e-04
8.553887461015701778e-04
7.219131688895067886e-04
1.044074350492949204e-03
8.839833485185545885e-04
8.532036699031948432e-04
7.821905224941377898e-04
7.832237895529068792e-04
6.974660859910402364e-04
7.335296285395475745e-04
6.784152285156592240e-04
7.230072724099739301e-04
6.796206584928777671e-04
6.777342938098136500e-04
6.540259051351373330e-04
6.588249622707595139e-04
6.467447577136899552e-04
6.360464441684915123e-04
6.334173003497328746e-04
6.552255450980215730e-04
6.326469388922293172e-04
6.382998368288192882e-04
6.216076192073669536e-04
6.187758487018182527e-04
6.122490348268016386e-04
6.173534686256270830e-04
6.001610094834346426e-04
7.606956649243952007e-04
7.251208164484634119e-04
7.390018050551856905e-04
6.978340777424637664e-04
7.108502735100343493e-04
6.714804324881957706e-04
6.943021452696890132e-04
6.692613181869650450e-04
7.194914582137473813e-04
6.694803957069922051e-04
6.819932988015987938e-04
6.515234206465983805e-04
6.662675186551385948e-04
6.626846687507300044e-04
6.562331243247859162e-04
6.525600341852708791e-04
6.325952482003617495e-04
6.179940038398153666e-04
6.334564917664798744e-04
6.142177086385003284e-04
6.114933612699310255e-04
5.951804926205445665e-04
6.037256334321955279e-04
5.927768611398993425e-04
6.328106858451656340e-04
6.121023647631141382e-04
6.309574111140988425e-04
6.062778555163465767e-04
5.999103595070269523e-04
5.791669820335066960e-04
5.812982820487443353e-04
5.580217677693740264e-04
5.526576180054337383e-04
6.247792284993382685e-04
5.572428795749238568e-04
5.845019761999657726e-04
9.057879630574704882e-04
1.034529634134755084e-03
6.157657998948687633e-04
6.186581491740835792e-04
5.809048362056588952e-04
5.854196338965772647e-04
6.088278308469014140e-04
6.226547323302951929e-04
5.907822360409189979e-04
6.176214059376234147e-04
6.477650540846377177e-04
7.063676814627546695e-04
7.004054989784798185e-04
6.810415642762987151e-04
6.211401766182157724e-04
6.861869702001912154e-04
7.254755244350315907e-04
7.202249367398649241e-04
7.091821135351332678e-04
7.011615898958617086e-04
6.544073172943852892e-04
6.950772031023513429e-04
7.441375150404206523e-04
7.440677619930294957e-04
6.966680410695479412e-04
7.060862132532483683e-04
7.496853153545276907e-04
7.924383785912607900e-04
6.374817420087380533e-04
6.759687331317287091e-04
6.685564036241359049e-04
7.492642653134018102e-04
7.391988097419215651e-04
8.407050430708139189e-04
9.206663800676933521e-04
1.179007660143316025e-03
7.281536151725051054e-04
9.192709152334204359e-04
8.143859897963579833e-04
1.128241689432359822e-03
1.212443296054465562e-03
1.660201169748519532e-03
1.434913983577515775e-03
1.681139331218086709e-03
9.431410064321019094e-04
9.454619872418858770e-04
1.458152709994508384e-03
1.568090178838299487e-03
8.862590429217334686e-04
9.260074235479641295e-04
1.307036930693995314e-03
1.190001486098405878e-03
2.216912949469020035e-03
2.569018395272327625e-03
2.163286957443220134e-03
3.388420679866949690e-03
2.372158234119943563e-03
2.333404916604287990e-03
4.731490295569679497e-03
5.569536376481538584e-03
7.971770151354023049e-04
8.683642422769459511e-04
7.554005127335754709e-04
8.515587462255507336e-04
9.344104329649043734e-04
1.048432922454752524e-03
1.017159861316587833e-03
1.360482395850792130e-03
7.896221965796749792e-04
9.820880600636282178e-04
9.332942837161478915e-04
1.564575882281517717e-03
1.576408096916695652e-03
3.189376586059782144e-03
4.343382180152858575e-03
8.153421850486409703e-03
1.439686912984019466e-03
3.133725732268260750e-03
2.528504069563841661e-03
6.411286945587830674e-03
7.940751707188456465e-03
1.172372362938707384e-02
1.043597640561607677e-02
8.143898651110457326e-03
5.434807627978979414e-03
7.254247959695352826e-03
7.201917078728760011e-03
4.591382536806788879e-03
6.570427111919950949e-03
3.429250614297225941e-03
2.632298146712885693e-03
1.655000216437384078e-03
1.335970391197544970e-03
3.919590634131878658e-03
1.920377441631462975e-03
5.859279638737716588e-03
1.108717876586646535e-02
1.218068379602132469e-02
1.092397099208250455e-02
7.307808077404125482e-03
2.574055928855504237e-03
3.301193200749695956e-03
3.792699082602942352e-03
1.986270629938638194e-03
3.763926570727375853e-03
2.209114408570411314e-03
1.323580838852488973e-03
1.067430174243953539e-03
5.276941813090587317e-03
2.102091961991004159e-03
2.445882939060543652e-03
1.258644246663511400e-03
1.404229838719055039e-03
1.131452486634474059e-03
1.025588978834608873e-03
9.200934115513173051e-04
1.259409244814530806e-03
9.520522215796411352e-04
9.653484902283404395e-04
8.430501215672180169e-04
8.274611250639612873e-04
7.859233296394775017e-04
7.544140409776655060e-04
7.247624117224869388e-04
8.236669456005916686e-04
1.284406581974055842e-03
8.310629278890878640e-04
1.242548721162519245e-03
1.733023140050248944e-03
1.730937856618759100e-03
1.871583378417909652e-03
2.045498377921666378e-03
8.366706564536057454e-04
1.065989502671869883e-03
9.840626767436378656e-04
1.185621652929581262e-03
1.566698143513491504e-03
2.057058815856495273e-03
1.377413184926901124e-03
1.665695753454461605e-03
1.890601048642664549e-03
3.897046499781496934e-03
2.134199514719878517e-03
3.322534003500593729e-03
6.497800281551827616e-03
6.534029583512482482e-03
4.879473373832965075e-03
3.934491140514279062e-03
2.182709759550177219e-03
2.298205453086823915e-03
1.644599220880524001e-03
1.463450048541865009e-03
2.310777405907504627e-03
1.846992340575253104e-03
1.241706355695895670e-03
1.132862535950481366e-03
1.285219987475601060e-03
1.606450583229956236e-03
1.437839618799987163e-03
1.722961800882876794e-03
1.490847775837107888e-03
1.458665809159196726e-03
1.431067525115312837e-03
1.178003354634846178e-03
1.510709507682836796e-03
1.627842445700244077e-03
1.539224485587268590e-03
1.216356248571236328e-03
1.253585568152119304e-03
9.428374323871055842e-04
9.191391460394079125e-04
7.577855850919659481e-04
1.235604918234346587e-03
1.034074292882647015e-03
9.977344409016369355e-04
9.445835630546617389e-04
1.010637020236071059e-03
1.040650408741066769e-03
1.035277111726621690e-03
1.110576777415551693e-03
8.533922613798327261e-04
8.968928370869712905e-04
7.135520066364881269e-04
7.386568636899522094e-04
1.004672477351421485e-03
9.968557797138228541e-04
8.012239716431941760e-04
7.663572605857812059e-04
3.449619758995971230e-03
1.538746028324318926e-03
1.966673520925936447e-03
1.291613143704080586e-03
1.034367333318203346e-03
8.940360939412274810e-04
1.041388489036858180e-03
8.171267695221904855e-04
1.265031357373356180e-03
1.185217181653294531e-03
1.054920176274709446e-03
1.117218640367294248e-03
1.065344931262720337e-03
7.714934383195130039e-04
1.026053593840077450e-03
7.735699272245974423e-04
8.442109924567064126e-04
7.801563576614398013e-04
7.356765863686623875e-04
7.140755025304531189e-04
7.113811330997085259e-04
7.041547321189963078e-04
6.969725310223142496e-04
7.070264309540140414e-04
6.731791996542754123e-04
6.663783470620476346e-04
6.745634621857036486e-04
6.638826799234249327e-04
6.795812955901703529e-04
6.795615299007475973e-04
6.583767923777049131e-04
6.324058281400343588e-04
1.037933443944288230e-03
1.035536085992483412e-03
1.024683603778672215e-03
9.018551908515221038e-04
9.310797870798904335e-04
7.843931758198504148e-04
8.279905712269081336e-04
7.595363983630950069e-04
8.527967371370938354e-04
7.444847080491751815e-04
6.858923439736803887e-04
6.535796442755419317e-04
7.022167941127799556e-04
6.659929830118434908e-04
6.263536334376650170e-04
6.031660139314146477e-04
6.915998608286554180e-04
6.655906091501095608e-04
6.861119383053244881e-04
6.449335584719622380e-04
6.276524098508735362e-04
5.935366016280913979e-04
6.096858817849991861e-04
5.902923432368213088e-04
6.316715519728063194e-04
6.130619071748321389e-04
5.979353713271294861e-04
5.991216139773029034e-04
5.946340260125351426e-04
5.840675599858244924e-04
5.865811991320788550e-04
5.837551097831948340e-04
5.677754954648004445e-04
5.768274396407536237e-04
5.686746658791418888e-04
5.786119624826638070e-04
5.825417112717142746e-04
5.901265214407403663e-04
5.829270429225539771e-04
5.928484929142546463e-04
5.700835327326184187e-04
5.716466898165401336e-04
5.683574801787189641e-04
5.687160564041603486e-04
5.808725797625409991e-04
5.939873262573631702e-04
5.798142862242885217e-04
5.895402527516127675e-04
5.979303229426485237e-04
5.999032402594274170e-04
6.060740590616191595e-04
5.929290145551284388e-04
5.923351606978622839e-04
5.805593095079958615e-04
5.746676554876561840e-04
5.734742191594973315e-04
6.021548757797042179e-04
5.900935809294065521e-04
5.923639637621450071e-04
5.896042786939515714e-04
5.791422416172230204e-04
5.829621088128427624e-04
5.938082319006042194e-04
5.951575517110622732e-04
5.672974539173612990e-04
5.703939673238422143e-04
5.636547783536507593e-04
5.746418735864718000e-04
5.776162574583707920e-04
5.793517020665980843e-04
5.862274536957155823e-04
5.743401382747988443e-04
5.581601177873292971e-04
5.698687499965759788e-04
5.551887677381565477e-04
5.540509942656676777e-04
5.747297116933657588e-04
5.619949785036053042e-04
5.443386391236980891e-04
5.541902980160595075e-04
5.872396846149424612e-04
5.953347387938616887e-04
5.835461786850693446e-04
6.003229040870139421e-04
6.167288025152192982e-04
6.158410935094175498e-04
6.152098479079462457e-04
6.215664287493485700e-04
5.775292554865322321e-04
5.909110305766691884e-04
5.730808211347325921e-04
5.943527464166109510e-04
6.059257389254230162e-04
6.108242922954221785e-04
6.150175250268958031e-04
6.124340054877807195e-04
5.788456752266207426e-04
5.890556883736855313e-04
5.883477305560914482e-04
6.016855245772381169e-04
5.931067275262739621e-04
6.037944289384769136e-04
6.031713452041291730e-04
6.158572827475112046e-04
5.912456165191503016e-04
6.062658697119770613e-04
5.936796411128706426e-04
6.118277698680052923e-04
6.250310254811613023e-04
6.323674428547711905e-04
6.252437447964511201e-04
6.294553125917962079e-04
6.214439341267293708e-04
6.289307568460596578e-04
6.251948820301256185e-04
6.380768353617324862e-04
6.433300149983737538e-04
6.823359242291213546e-04
6.626833921895156293e-04
6.995651058255998849e-04
6.356711887473625536e-04
6.479400287719774831e-04
6.315878733986211900e-04
6.379041410083007490e-04
6.578641835200594755e-04
6.485170870815636784e-04
6.439894978346892476e-04
6.390076377605825473e-04
6.313962237658191307e-04
6.521617911391606450e-04
6.383668304209795053e-04
6.453631118071401869e-04
6.287719413464546445e-04
6.068901227928549975e-04
6.213470531568339277e-04
6.071600138908304694e-04
6.083841511027054429e-04
6.183145804633080785e-04
6.108198647721787460e-04
6.232007097359625698e-04
6.332211218687861139e-04
6.363954599616349636e-04
6.531104670406915344e-04
6.443863723989101504e-04
6.117036950763207271e-04
6.259583711142082925e-04
6.400380226900010284e-04
6.514939450506237540e-04
6.427695973989082942e-04
6.573753642730129857e-04
6.720524786666083258e-04
6.856389527729547404e-04
6.423794187141575272e-04
6.458536823868306874e-04
6.336320330958823384e-04
6.352397481402329319e-04
6.751927424290054495e-04
6.861331153009456695e-04
6.533178625127152679e-04
6.759366703536966257e-04
5.570970728753549435e-04
5.457535312811665797e-04
5.570774430897133637e-04
5.433094289000096498e-04
5.430282430243819555e-04
5.644042072114529782e-04
5.561427980683909160e-04
5.748421274706628191e-04
5.515081034451368210e-04
5.455684373229939717e-04
5.478151631420210502e-04
5.614369351650998815e-04
5.782227220035771314e-04
5.908626625817012517e-04
6.008733686305805198e-04
6.067032531501827773e-04
5.815505774836885952e-04
6.049225335928752134e-04
5.857616828562418930e-04
6.054226961723748390e-04
6.246965119762254090e-04
6.302211453723337818e-04
6.361693710309095692e-04
6.486537623949107777e-04
5.936489292092039446e-04
6.041843034976417462e-04
6.064427167291929280e-04
6.083998303649871923e-04
6.278926359193385751e-04
6.461165696641153235e-04
6.185005299985963517e-04
6.292024608620182908e-04
5.626984541976391739e-04
5.971817446636245056e-04
5.906791851762693791e-04
6.341052972412497763e-04
6.372622770750153683e-04
6.367973121939387053e-04
6.684475682750154425e-04
6.621444609546341988e-04
6.124144284796805915e-04
6.473053914917166864e-04
6.266897405318871571e-04
6.421295182228772261e-04
6.675467300249892256e-04
6.692181039663782196e-04
6.709908413193190055e-04
7.102300780121564763e-04
6.255713582982886127e-04
6.148792972531944229e-04
6.348523747400903984e-04
6.174249713150582134e-04
6.161043296806435927e-04
6.263850641083031122e-04
6.240689266962923774e-04
6.465235680957980274e-04
6.532493693315849070e-04
6.497047788311427789e-04
7.055319929192994249e-04
6.980287923605059354e-04
6.631615716755005600e-04
7.105407194675535240e-04
7.075786408005341026e-04
7.544514076778357755e-04
6.391054453858912004e-04
6.455101471901140107e-04
6.624210262953969097e-04
6.509387544351750250e-04
6.513020650262427245e-04
6.590886168167718693e-04
6.544381096283637036e-04
6.773482357779961197e-04
6.555226388741781322e-04
6.425058959347593537e-04
6.409252479890345609e-04
6.522289337111340487e-04
6.536892891829066202e-04
6.805970404263432787e-04
6.767109082288646918e-04
7.037882831248480067e-04
6.555891145570580001e-04
6.439576712258663531e-04
6.694982225259743513e-04
6.465890069065013436e-04
6.520844786244965217e-04
6.722871226185583556e-04
6.487178022232053349e-04
6.580038257158650353e-04
6.899051250931279022e-04
6.745720354637380848e-04
7.166606235690585166e-04
7.295263030071799833e-04
6.729818442758724257e-04
6.720765276702153233e-04
7.246757767095621553e-04
7.417958134411648582e-04
6.388229513468731769e-04
6.662968148729445442e-04
6.734421850984503551e-04
7.085701785860598406e-04
7.081874426276612905e-04
7.424153694829943974e-04
7.795794530650841181e-04
8.509478417607893369e-04
7.464506975151544241e-04
7.805743355420208425e-04
7.964380958853004662e-04
8.448173564996369796e-04
8.386681451811531110e-04
9.117119078856856292e-04
9.026418096248531959e-04
1.006496487374803012e-03
7.482001134063477610e-04
7.831857104396440072e-04
8.521521884494720738e-04
8.857181713055899044e-04
7.997419645649942550e-04
8.414380685527814152e-04
9.541686554750257411e-04
1.120074595828482455e-03
9.810568126016280290e-04
1.085077459542118164e-03
1.172761026215934400e-03
1.570973199571851046e-03
1.318705741633148867e-03
2.456671962258653082e-03
2.821710379351076003e-03
5.620795240802972659e-03
5.692531706312666364e-04
5.712795643130972852e-04
5.696569404970877430e-04
5.720667459915751343e-04
5.782284965609402281e-04
5.849711644017035073e-04
5.862467510474256511e-04
5.970486168183408498e-04
5.746360124410137193e-04
5.800846067140600932e-04
5.819162948780961468e-04
5.965851115807003623e-04
6.046618731627279291e-04
6.214321808217975265e-04
6.363927426034686821e-04
6.507064830851116543e-04
5.858938408026091596e-04
5.801231902091149402e-04
5.958598656598965366e-04
5.933246897238399990e-04
5.803075366458098879e-04
5.805745376355407302e-04
5.890809763835858168e-04
5.848662082142808529e-04
6.181398297483998430e-04
6.037549933247540138e-04
6.324729692715615843e-04
6.143812349711532100e-04
5.951604281671825500e-04
5.943017091988099087e-04
6.021819866682676234e-04
6.070514467164661717e-04
5.919228573751656982e-04
6.057117135842549332e-04
5.913692745593241784e-04
5.937419933599808125e-04
6.354060347527305678e-04
6.337882493092809400e-04
6.096116580448476992e-04
6.114096052963562643e-04
5.857494930939198541e-04
5.843123100923175179e-04
5.842437789056085466e-04
5.782278983493213155e-04
5.935638621369477381e-04
5.904603049139325443e-04
5.809356067186584750e-04
5.958227375456102808e-04
6.329401808196000916e-04
6.199993472144902165e-04
6.165522539811254393e-04
6.121910487682550531e-04
6.032814595887858646e-04
6.242412799243244855e-04
6.197830667889687225e-04
6.390790771842378131e-04
5.995051668481125428e-04
6.069278444706307368e-04
6.055066252726042141e-04
6.082364906890595432e-04
6.317378965765445059e-04
6.293519011892297933e-04
6.289969691303009050e-04
6.196062735520530560e-04
5.761260004136678449e-04
5.760951623811513779e-04
5.870826185569742511e-04
6.007101569784683778e-04
5.830098373709950276e-04
5.906130894964286377e-04
6.014928870147849939e-04
6.092721075025728196e-04
6.050275929714662602e-04
6.191875485451850706e-04
6.281482551175955912e-04
6.514562206809592021e-04
6.278768549850833594e-04
6.733637822263616570e-04
6.876837931617761895e-04
7.264775683727435138e-04
6.161944911662785773e-04
6.634519519933574239e-04
6.627272690807299192e-04
7.554110260789834771e-04
7.182684098907216128e-04
7.698612416326475324e-04
8.533397455396195654e-04
8.982784791413618618e-04
7.463338698984026175e-04
8.047203750223535373e-04
7.454977746923325491e-04
7.614140152223039656e-04
9.103675115334331587e-04
9.518138667587372958e-04
8.015700873308487543e-04
8.082335705447386224e-04
6.582803515866882766e-04
6.929417318611567249e-04
6.505373699890717922e-04
6.731395497301110491e-04
7.188061268943786875e-04
7.462362257468188641e-04
7.173054104956607963e-04
7.629705641708877089e-04
6.265495282347921784e-04
6.540857356439040791e-04
6.275716892827635151e-04
6.654140489520285430e-04
7.096752853928937768e-04
7.336417542442247395e-04
6.820995225898252847e-04
6.925877929246803842e-04
7.543179892397386356e-04
7.843165524061996305e-04
7.801232040638924909e-04
8.413841327914767416e-04
7.755891642800688546e-04
7.887956384526543640e-04
8.319879477634554597e-04
8.519206294895259775e-04
7.654073547400002449e-04
8.002797912119897919e-04
7.461086015557980055e-04
7.796035502573378734e-04
8.451083427057914932e-04
9.324324051127524460e-04
8.733790849317154973e-04
1.123852483018116010e-03
5.771186323862340355e-04
5.730169257241059634e-04
5.735115784889457296e-04
5.811764807065732683e-04
5.942516474093152441e-04
6.251326608580232841e-04
6.365375514420342417e-04
6.432859504948288450e-04
5.806023638248211226e-04
6.090565453046106748e-04
6.111259395176792727e-04
6.260237648514916774e-04
6.514270910958882069e-04
6.231577803228596562e-04
6.253434705993681690e-04
6.093456594944994444e-04
6.171659645728478413e-04
6.119484327184183513e-04
6.165074892375884547e-04
6.029192616317410576e-04
6.134164257836211259e-04
6.103193823728365278e-04
5.969531204222714403e-04
6.149449850036906723e-04
6.098262309196705909e-04
5.943912469191799759e-04
6.084071619330425409e-04
5.991275127343248042e-04
5.973906881464782206e-04
6.164905161464853895e-04
6.055035616958599287e-04
6.255433932710964583e-04
6.350882296602299764e-04
6.166264799931585024e-04
6.326605616622779432e-04
6.034600307328582061e-04
6.062022771874302565e-04
6.076302974288271810e-04
6.072267128856809236e-04
6.200035371176793736e-04
6.214232984530134590e-04
6.070451675650916437e-04
6.386014916996180131e-04
6.365888104438639263e-04
6.154052998796237040e-04
6.253781442607383393e-04
6.307135819697387612e-04
6.463584723896676192e-04
6.091855600042985104e-04
6.015805840873313408e-04
6.135055965434614133e-04
6.099664793744553675e-04
6.093601689501972367e-04
6.292186073276176319e-04
6.203760118468329334e-04
6.350726237430428731e-04
6.315128763914427956e-04
6.273383667592047830e-04
6.613116797669468718e-04
6.488686229760049114e-04
6.347348923428127853e-04
6.468247430421870774e-04
6.643310212312612080e-04
6.690955832117132743e-04
6.386410963129188082e-04
6.601739911936895270e-04
6.372393178963658630e-04
6.378210588635859933e-04
6.651119235746046207e-04
6.893140394292274686e-04
6.513135325486237330e-04
6.831755277554945292e-04
6.288998240332885825e-04
6.318097093410040069e-04
6.327791536200889607e-04
6.316705609517067176e-04
6.346834711352849004e-04
6.589263778112530940e-04
6.347557114248559597e-04
6.646644089401098883e-04
7.195765854828940289e-04
7.497914216013026748e-04
6.940090409768347613e-04
7.087572134637763494e-04
8.312039002115326810e-04
1.022020578261106103e-03
7.877638891529828219e-04
9.161973381823629694e-04
6.878188135157502952e-04
7.139201202207392290e-04
7.068075939473589036e-04
7.549269569179628938e-04
7.806499187469306518e-04
9.080993273265178809e-04
8.272929511994902467e-04
9.354609066706656749e-04
6.261485753038101070e-04
6.307860830008209935e-04
6.365277678391147859e-04
6.527504395886180120e-04
6.576207777028291466e-04
6.986771682201050335e-04
6.883488087325047690e-04
7.604305597241081899e-04
6.542203996032590731e-04
6.757543274353130028e-04
6.642205347454658779e-04
6.965343182003859174e-04
7.271409528635863545e-04
8.243240893797409985e-04
7.751692004269682395e-04
8.918554993484052815e-04
7.513402041822528918e-04
8.135100031719442971e-04
8.560173764092973269e-04
9.056859557141671343e-04
8.814708255231343097e-04
1.021701356240354566e-03
9.309305909823699810e-04
1.119627009417257114e-03
9.588128394832620607e-04
1.003312350774255039e-03
1.062838662831355968e-03
1.158688906479544371e-03
1.024409393534596183e-03
1.399336234082493562e-03
1.371754175976070940e-03
2.548579606634539512e-03
5.682223692419872008e-04
5.653282955194490053e-04
5.722677198753570258e-04
5.650853493924679755e-04
5.643811792046599845e-04
5.628516562671617707e-04
5.638885870296491938e-04
5.589946345213079410e-04
5.749771823051079206e-04
5.716227010259998737e-04
5.733278049297432961e-04
5.635566515926606831e-04
5.638020631122590918e-04
5.580560595766616630e-04
5.574004687537761340e-04
5.583338025368846536e-04
5.559303377375094529e-04
5.482784119179707864e-04
5.489493267526916005e-04
5.466358696099670031e-04
5.431520565914452680e-04
5.421182556561531104e-04
5.408676516128525400e-04
5.342990171671090039e-04
5.525932131355139982e-04
5.512747301787957171e-04
5.561929329483938358e-04
5.496606041548193723e-04
5.434309283841038795e-04
5.456344739555717572e-04
5.686109305727883069e-04
6.320588994254530734e-04
5.685148327869505094e-04
5.597817147660825565e-04
5.735856691830602469e-04
5.667906079563632708e-04
5.578210885094821983e-04
5.538151079237894079e-04
5.598807644019091877e-04
5.498748327756308989e-04
5.812568179623208613e-04
5.721071715660617889e-04
5.763119044544378093e-04
5.672825346751795726e-04
5.623883371931009522e-04
5.502952358304941463e-04
5.641547480668135514e-04
5.493189099820671578e-04
5.483296463479962442e-04
5.436895059532452067e-04
5.385342874607345958e-04
5.387952268971206741e-04
5.605838918838001268e-04
5.793540267499551390e-04
5.380010028283707581e-04
5.364011518896146446e-04
5.415793274625683865e-04
5.487450473005084589e-04
5.600204955721480374e-04
5.634344927612789647e-04
5.475198066351169915e-04
5.436390880486163075e-04
5.623579021080113210e-04
5.624199693615637664e-04
5.485145705223257260e-04
5.531249900652941785e-04
5.344113824481274647e-04
5.376977005999285068e-04
5.532745014890268209e-04
5.565182802955199624e-04
5.402855394348369091e-04
5.413341332559654844e-04
5.455544097828784892e-04
5.386550455369645786e-04
5.862439817581738526e-04
5.405229650140639785e-04
5.332748587076479880e-04
5.370520516092445410e-04
5.360926183682450125e-04
5.471545037628973906e-04
5.586930131873167702e-04
5.555124542853835928e-04
5.438648364421031032e-04
5.465730242175323439e-04
5.491150048806860010e-04
5.417370015786120586e-04
5.421860449199032489e-04
5.345729771765802977e-04
5.458547480363912068e-04
5.543817439108113731e-04
5.647359958861808329e-04
5.821820258365595531e-04
5.455778226785294640e-04
5.509650087945006580e-04
5.739650205972731930e-04
5.764869123123788231e-04
5.503921127144987841e-04
5.509071717627737116e-04
5.467631166970523269e-04
5.568555138133906863e-04
5.577704306293719723e-04
5.533339856716004744e-04
5.567458588160702172e-04
5.478051641213941593e-04
5.489505155102686763e-04
5.517421636534493301e-04
5.653158762683276918e-04
5.693851464827906841e-04
5.480799705555008039e-04
5.598340433754456441e-04
5.580795862518192875e-04
5.633996585816611205e-04
5.621014840732464031e-04
6.068714297554357031e-04
5.593021493870963543e-04
5.887965833682972912e-04
6.176949093410776014e-04
6.046394511871737995e-04
6.174179104381476027e-04
6.331434431364383166e-04
5.810174685574834730e-04
5.732763439275186850e-04
5.770208827882610317e-04
5.787306487881711467e-04
5.981341087401431406e-04
6.454646759167836966e-04
6.025157345815533279e-04
6.523762540684143948e-04
5.680268850950510829e-04
5.681604822888745897e-04
5.672994067971296774e-04
5.797468320662558638e-04
5.741284631511774875e-04
5.728933808262724183e-04
5.967301999234012532e-04
6.234817979262516048e-04
5.744805060080708818e-04
6.112872554341392982e-04
5.971659570077627287e-04
6.481357209137835178e-04
6.412007218668951168e-04
6.661006238384815058e-04
6.582143699959568973e-04
6.592961617082894162e-04
5.964167041511248902e-04
5.863124106213471118e-04
6.316202175569076566e-04
5.983357986439960660e-04
5.815725393934035670e-04
5.779951995656743002e-04
5.851790881998192089e-04
5.851179870727625174e-04
6.397953050252059085e-04
6.078686439507695674e-04
6.405674811614895390e-04
6.388371982259507999e-04
6.074876886360582040e-04
6.058256300983359691e-04
6.674480933574504157e-04
6.644067240238995175e-04
6.304639907270102482e-04
6.497446898562912916e-04
6.504045447164122102e-04
6.632393196312333025e-04
6.546288986623398365e-04
6.602519206936739065e-04
7.245720558455537004e-04
7.137473901605169944e-04
6.779487538651104679e-04
7.517567533521116131e-04
7.299638904854674048e-04
8.488088635868521435e-04
8.786322027547178136e-04
7.962299653961073167e-04
9.924595986347331533e-04
8.604171674839292171e-04
6.499258094384746708e-04
6.701496241324128361e-04
6.609823267795070538e-04
6.604549239011863393e-04
6.865552854652107575e-04
7.493020574492262331e-04
6.825608489101633262e-04
8.428624691812681589e-04
6.837412117960679596e-04
6.362335788285279061e-04
7.415012247700602990e-04
6.846652350478659279e-04
6.837301438699797465e-04
9.660197924501057881e-04
7.055968488833750090e-04
9.485355734690270645e-04
5.832548149783352070e-04
5.795625961622480858e-04
6.009428601262786123e-04
5.875867428048493898e-04
5.643772299505018034e-04
5.680332600716654981e-04
5.820106898983819048e-04
5.819423890632067879e-04
6.076089972198405994e-04
6.078354746739525255e-04
6.719211172331814074e-04
6.674772001892005906e-04
6.045837867850312316e-04
5.978859228594989288e-04
6.577484166861513951e-04
6.605561656029188249e-04
5.731581046506211124e-04
5.795164210863287552e-04
5.737752979341702829e-04
5.789755288789611527e-04
5.974310028840053646e-04
6.499973925343839349e-04
6.051686395903568090e-04
6.693564179107141382e-04
5.915748489825645726e-04
6.014620208814507388e-04
6.641083118711942936e-04
6.642663757902193085e-04
6.417897743313302067e-04
7.148543015191389854e-04
7.217929927455223613e-04
8.296419927002514219e-04
8.271046952140991265e-04
8.239289460823695944e-04
1.222287191962651140e-03
1.486564213525688781e-03
7.800210412998646696e-04
7.723335200177836556e-04
1.162808230312006429e-03
9.612240823778622333e-04
2.540958530842007349e-03
3.614795274863614582e-03
2.466840141744289575e-03
3.733662307155282117e-03
1.825288241168048419e-03
1.166695380195785807e-03
2.019947114584227758e-03
1.226888397569015016e-03
7.778129735638965054e-04
7.654807638971171347e-04
9.155925855571960589e-04
8.759652704264736739e-04
8.349896587232915821e-04
9.737454711625689570e-04
9.423881416343909056e-04
1.086677706627840094e-03
1.044483881565920654e-03
1.004881205977593275e-03
1.054734612539436154e-03
1.094734939212156167e-03
1.085988456342986156e-03
1.300356809321062332e-03
1.348839498801619914e-03
1.818969419142527251e-03
5.561358119321294135e-04
5.571444901430617483e-04
5.576132430754875699e-04
5.570109041691893165e-04
5.614635088844622396e-04
5.597072005446963004e-04
5.578266874669228883e-04
5.579639504885903654e-04
5.577754858104811905e-04
5.604447688661277774e-04
5.579352101854561340e-04
5.615433552367834168e-04
5.606498008363854655e-04
5.502028910638812791e-04
5.473201270163862439e-04
5.347277175877786183e-04
5.553059639043866165e-04
5.548613119041110719e-04
5.532023188303542959e-04
5.549389004006626035e-04
5.615777312239351960e-04
5.595435962120566325e-04
5.638036983190068772e-04
5.618000863981562022e-04
5.482427624339066994e-04
5.569607538187224026e-04
5.463999800219680215e-04
5.646848307861070939e-04
5.664757460882673254e-04
5.561078742250178102e-04
5.613581966927211125e-04
5.496355291487560945e-04
5.500203758469846341e-04
5.407613201896727985e-04
5.403018680360096920e-04
5.308358920353123791e-04
5.328926399082296829e-04
5.322994674071083185e-04
5.323177297667002275e-04
5.388841426661034311e-04
5.383169255910284648e-04
5.377302105129572619e-04
5.449612403808130759e-04
5.495013857057755692e-04
5.416304512694643724e-04
5.515733117126874266e-04
5.449238957368769242e-04
5.564187499188768182e-04
5.459627410027598996e-04
5.579522394246216356e-04
5.462355452048476894e-04
5.551469147206813210e-04
5.495606706952243375e-04
5.502389082161090756e-04
5.554295770770346745e-04
5.598615678714432674e-04
5.494651584741373079e-04
5.578065722989135463e-04
5.581169999991148671e-04
5.629828938877646551e-04
5.679022064446443774e-04
5.808545435601782103e-04
5.825519002165474103e-04
5.932853822151551784e-04
5.542897065294684128e-04
5.543463312952385787e-04
5.556419539470149700e-04
5.614895057782119323e-04
5.545428342307564054e-04
5.543089656402131827e-04
5.652334256711836862e-04
5.736291036775338767e-04
5.529182878828185028e-04
5.631878079299344753e-04
5.566414963215750647e-04
5.626484229727313950e-04
5.724019776353000228e-04
5.861979655693164495e-04
5.776422706022725333e-04
6.016459232678027496e-04
5.657216532769446249e-04
5.871210003019519501e-04
5.906446830903124825e-04
6.152465484393661440e-04
6.135160138723395147e-04
6.361245032174713378e-04
6.423975125923430925e-04
6.541592298535825337e-04
6.036626851464308363e-04
6.248789959172219985e-04
6.294649610313940479e-04
6.523604667988137365e-04
6.422978978386874099e-04
6.589764078723536495e-04
6.657710537176256228e-04
6.877771134552822631e-04
5.608106047792331145e-04
5.658201422671422674e-04
5.716252918797140592e-04
5.879181561032544457e-04
5.832509526152112158e-04
6.114561333858037264e-04
6.056947444905013030e-04
6.322075960393749470e-04
5.935345476168351784e-04
6.164968367809803501e-04
6.076701495376253797e-04
6.264978206246532479e-04
6.215929813631511369e-04
6.372398299973984492e-04
6.299569637073637856e-04
6.405327681726464498e-04
6.532118483585611394e-04
6.728606588760435193e-04
6.568798299379891795e-04
6.663094459483420761e-04
6.853540739134819952e-04
6.968811642548477852e-04
6.844421188652477809e-04
6.942352700262130558e-04
6.526908749067498452e-04
6.631389267400140128e-04
6.552739530179940014e-04
6.621146819618294521e-04
6.867390416531968548e-04
7.102225073663084084e-04
6.967869474456684893e-04
7.378017142588510179e-04
5.614311511362247769e-04
5.533937870704147078e-04
5.686959052571248247e-04
5.580166049703599862e-04
5.490766388855365015e-04
5.609723968407097838e-04
5.594123152792390393e-04
5.615712291565798549e-04
5.681511515514041594e-04
5.659816805252547607e-04
5.715910242036866722e-04
5.725343691670194135e-04
5.659228140998632129e-04
5.650615841075605538e-04
5.659715463295142543e-04
5.700042556407394117e-04
5.660541199934562232e-04
5.889240593490161543e-04
5.825057431088166487e-04
6.513139126222192675e-04
5.969723614534370353e-04
5.995487071628383645e-04
6.135675160859364397e-04
6.327879971247671927e-04
5.950066068258350526e-04
6.313802532093942778e-04
5.885737813843954511e-04
6.203955524310858331e-04
6.193547537478077871e-04
6.798687671131966714e-04
6.517300242945107350e-04
6.971214749807472071e-04
5.729347240979772030e-04
5.799245939980548440e-04
5.726455809702440166e-04
5.856727808816660505e-04
5.746452607763938986e-04
5.802192712117826149e-04
6.013631376351722974e-04
6.190105065289460903e-04
5.616117486525353105e-04
5.893696641060813942e-04
5.515165905521011947e-04
6.147316270095852910e-04
6.737558958245261614e-04
7.482485439487586171e-04
9.406720396752892401e-04
1.191310923704646087e-03
6.125025176914945021e-04
6.373408248246720167e-04
6.302540784212222209e-04
6.404647746419547339e-04
6.512278858582404859e-04
6.760034391457605532e-04
6.724399965168639717e-04
6.993774505538749662e-04
6.755475174233423197e-04
6.694606789328131583e-04
7.862457419176556526e-04
6.900800656036230451e-04
7.232091805755405710e-04
7.298301102859900812e-04
7.363672587032944966e-04
7.300439847434317528e-04
6.317589388689801239e-04
6.483124853165070974e-04
7.014434079937547197e-04
7.318491258166161511e-04
6.507260071035939888e-04
6.568216183409640758e-04
7.277673564061646044e-04
7.129002042359122888e-04
7.539851560868139234e-04
8.046473559412560929e-04
7.340273433521626173e-04
7.618772219467796368e-04
8.084026361562169543e-04
7.761760574370126691e-04
7.933212747247769337e-04
7.888421767017817811e-04
6.672703540074038757e-04
6.820068881844441530e-04
7.170286427021110203e-04
7.300557047563001551e-04
7.321870601569724227e-04
7.716435094238938272e-04
7.676068946559520736e-04
8.136765073990354872e-04
7.390443617204080825e-04
7.487630674707614542e-04
7.292756130270207880e-04
7.380444121682381078e-04
8.087949483641826984e-04
9.020948360156116506e-04
8.266218311065144870e-04
9.994156359196355519e-04
7.130781624279840594e-04
7.400808110610514927e-04
7.342863434317771672e-04
7.730339223922773687e-04
7.869633119278451059e-04
7.737506068616465706e-04
7.992497115575057653e-04
7.530289709425471616e-04
7.371576660056382291e-04
8.200607467327060028e-04
7.682259723537811355e-04
8.504703201810052786e-04
8.402482558369371753e-04
8.018109633688763399e-04
8.998000397352134624e-04
9.220188019714069608e-04
7.261897102476988931e-04
7.509772962030386622e-04
7.498810392352753870e-04
8.143593698646431041e-04
8.665249050040848286e-04
1.115098357756896504e-03
1.026382899403967914e-03
1.682289783532159733e-03
8.499661621274786109e-04
1.011408955212076419e-03
1.040257033443326611e-03
1.502651676326315295e-03
1.508188527257456378e-03
3.561213446669001404e-03
3.350969576350513405e-03
7.453118512729291212e-03
