-4.212759776368394e+04 
-4.624125920702638e+04 
-5.402308974889985e+04 
-5.629270582471005e+04 
-5.633681660444806e+04 
-5.398625309652746e+04 
-5.346485149948729e+04 
-5.577855039843199e+04 
-5.774801657159917e+04 
-5.778575723984496e+04 
-5.224943320612731e+04 
-4.344737355531447e+04 
-3.508844041377983e+04 
-2.789084505229662e+04 
-2.727156698945020e+04 
-2.690902884725272e+04 
-2.860632808327433e+04 
-2.877785107786899e+04 
-2.879603936484603e+04 
-2.815334581506821e+04 
-2.938959165606605e+04 
-3.128082942351543e+04 
-3.336108803510190e+04 
-3.658417419021401e+04 
