286.267 11.8243
285.388 15.412
282.797 10.4073
281.876 13.9817
284.45 18.9874
283.428 22.5443
280.884 17.539
279.796 21.0723
279.349 8.97976
278.393 12.5411
275.915 7.56009
274.93 11.109
277.355 16.0805
276.209 19.5903
273.852 14.6311
272.654 18.1182
282.293 26.0755
281.011 29.572
278.582 24.5733
277.207 28.0321
279.543 33.0226
277.84 36.4132
275.633 31.4359
273.812 34.7687
274.924 23.0614
273.467 26.4826
271.307 21.5601
269.775 24.9444
271.798 29.8396
269.87 33.1145
268.018 28.2554
265.991 31.4732
272.485 6.16688
271.477 9.70429
269.049 4.81886
268.023 8.34595
270.364 13.2102
269.12 16.6756
266.88 11.837
265.594 15.2824
265.6 3.53502
264.559 7.05329
262.13 2.33475
261.076 5.84611
263.389 10.5314
262.062 13.9588
259.88 9.31351
258.513 12.7258
267.714 20.0895
266.112 23.4383
264.133 18.6702
262.462 21.9854
264.273 26.7047
262.15 29.8668
260.541 25.2092
258.322 28.3175
260.547 17.3229
258.808 20.6072
256.943 16.0692
255.131 19.326
256.802 23.7911
254.482 26.8483
253.034 22.4736
250.6 25.483
275.846 39.7255
273.491 42.9354
271.687 38.0097
269.192 41.132
270.694 46.0115
267.358 48.9118
266.252 44.1006
262.781 46.8697
267.627 36.2842
265.008 39.3189
263.639 34.5723
260.901 37.5198
261.939 42.18
258.347 44.8178
257.711 40.2736
253.998 42.7795
263.382 51.5812
258.663 53.9481
258.691 49.3799
253.907 51.5558
253.127 55.9219
246.762 57.3935
248.383 53.3038
241.283 56.3064
254.155 47.1684
249.306 49.1518
249.699 44.9685
244.654 48.081
243.374 52.2433
236.196 55.0033
238.675 50.982
231.503 53.514
259.691 32.8965
256.835 35.7577
255.753 31.2795
252.772 34.0555
253.519 38.4042
249.677 40.7767
249.316 36.5942
245.473 39.6231
251.791 29.7447
248.67 32.4364
247.772 28.3166
244.65 31.1711
245.232 35.3852
241.427 38.2944
241.266 34.0078
237.53 36.8029
245.311 43.8635
240.252 46.8203
241.122 42.5766
236.098 45.3885
234.288 49.5435
227.189 51.866
230.203 47.9495
223.229 50.0833
237.13 41.1229
232.185 43.8025
233.323 39.5157
228.496 42.0769
226.404 46.2191
219.593 48.1865
222.867 44.3686
216.248 46.1931
258.631 1.23803
257.566 4.74488
255.097 0.265559
254.021 3.77094
256.344 8.20457
254.935 11.6053
252.771 7.22673
251.315 10.6203
251.525 -0.561105
250.436 2.94677
247.911 -1.21929
246.804 2.29632
249.153 6.40361
247.642 9.7961
245.481 5.76078
243.904 9.16012
253.304 14.932
251.412 18.1657
249.617 13.9357
247.633 17.1521
249.212 21.2816
246.647 24.2477
245.31 20.2426
242.617 22.8877
245.864 13.1071
243.769 16.3141
242.029 12.4761
239.571 14.9129
241.214 18.8531
238.587 21.3918
237.077 17.3466
234.523 19.777
244.254 -1.68495
243.122 1.84541
240.553 -1.93226
239.385 1.62244
241.747 5.32634
240.087 8.74343
237.943 5.13202
235.583 7.38961
236.809 -1.93295
235.591 1.6594
233.024 -1.6553
230.657 0.478468
233.239 3.84656
230.907 6.0161
228.319 2.59111
226 4.68153
237.694 11.0853
235.289 13.4195
233.232 9.6344
230.875 11.8664
232.858 15.7465
230.379 18.0663
228.501 14.0857
226.094 16.2926
228.587 8.16744
226.267 10.3001
223.691 6.74866
221.386 8.79144
223.937 12.4137
221.587 14.508
219.075 10.8088
216.75 12.7995
243.768 26.9995
240.709 29.7454
239.805 25.5323
236.827 28.1705
237.403 32.473
233.765 35.1597
233.622 30.7912
230.109 33.3743
235.854 23.9283
232.974 26.4582
231.879 22.2033
229.109 24.6227
229.89 28.9728
226.529 31.4553
226.165 27.0294
222.978 29.4108
229.683 37.7662
225.01 40.2235
226.183 35.8832
221.699 38.2512
219.567 42.4109
213.162 44.1172
216.476 40.3558
210.305 41.9702
222.789 33.8734
218.531 36.1652
219.456 31.7413
215.461 33.9672
213.563 38.2093
207.649 39.761
210.79 35.9728
205.166 37.4954
227.829 20.3789
225.177 22.6833
223.635 18.4875
221.101 20.6705
222.384 24.9766
219.392 27.2516
218.462 22.8413
215.675 24.9978
219.203 16.5831
216.771 18.639
214.405 14.7624
212.03 16.6964
214.271 20.6765
211.677 22.6965
209.617 18.6004
207.154 20.4736
216.117 29.4913
212.428 31.6549
212.67 27.1329
209.333 29.2243
208.112 33.641
202.83 35.1755
205.451 31.1995
200.607 32.7969
208.945 24.6998
205.994 26.6837
204.629 22.3161
202.016 24.1303
202.65 28.6229
198.44 30.3366
199.259 25.9243
196.09 27.7026
39.9467 62.6932
47.8954 63.5274
36.0397 65.9717
44.9219 66.998
56.1792 63.9274
64.5587 63.8879
54.3604 67.5342
64.004 67.5604
31.076 69.136
41.0874 70.4094
24.6021 72.1339
35.9247 73.7313
52.0613 71.1237
63.4654 71.231
48.998 74.6884
63.0056 74.9001
72.7911 63.4262
80.6758 62.5792
73.4701 67.0907
82.4403 66.1709
88.0827 61.3974
94.9557 59.9367
90.7218 64.8667
98.2504 63.2512
74.6483 70.7379
85.0647 69.7047
76.7189 74.3533
89.1044 73.1386
94.4212 68.2249
102.67 66.3988
99.7277 71.4025
108.661 69.291
15.9277 74.8769
28.5598 76.9045
4.10184 77.2134
17.2831 79.8014
44.5551 78.2119
62.7698 78.5675
37.1342 81.65
63.183 82.2322
348.256 78.8999
358.999 82.1274
328.859 79.6328
331.253 83.2816
21.3258 84.8422
66.1922 85.8846
336.792 86.9196
114.798 89.2568
80.5264 77.905
95.5883 76.3881
88.1839 81.3068
106.431 79.2699
107.476 74.2765
116.768 71.7882
118.757 76.6296
127.45 73.683
105.845 84.2683
124.492 81.3821
145.722 85.7093
149.873 82.0479
134.254 78.1186
140.56 74.7147
152.481 78.3663
154.761 74.6621
101.298 58.2526
107.154 56.396
105.058 61.3938
111.229 59.3556
112.588 54.4117
117.673 52.3384
116.871 57.1874
122.094 54.9309
109.918 64.3164
116.335 62.0508
116.202 66.9214
122.684 64.3785
122.098 59.6586
127.373 57.1828
128.397 61.7214
133.574 58.9904
122.484 50.209
127.094 48.0517
127.003 52.6195
131.691 50.2808
131.572 45.8912
135.987 43.7492
136.25 47.9371
140.4 43.7674
132.3 54.6555
137.004 52.101
138.4 56.2126
142.308 52.1498
141.044 47.9858
144.753 43.6234
145.782 47.8515
149.031 43.324
124.213 69.0679
130.414 66.2036
134.052 70.5729
139.445 67.3673
135.797 63.248
140.664 60.232
144.14 64.0986
147.523 60.1214
145.324 71.24
149.344 67.716
157.004 70.9265
158.656 67.0349
152.119 63.7744
154.282 59.6895
159.863 63.0459
160.845 58.9404
144.378 56.2157
147.56 51.9848
150.298 55.9603
152.725 51.6116
150.442 47.5407
153.219 42.8765
155.003 47.0609
157.305 42.2889
156.103 55.4506
157.773 51.0368
161.746 54.6919
162.68 50.2669
159.447 46.4201
161.278 41.5694
163.763 45.626
165.134 40.7264
308.889 79.2338
301.23 82.7033
291.772 77.8298
279.538 80.7235
279.734 85.7224
223.769 86.6364
257.842 82.7201
227.986 82.968
278.567 75.7282
265.874 78.0264
268.573 73.2006
256.793 74.9994
248.23 79.3404
228.167 79.2608
242.411 75.8457
227.293 75.5241
185.935 84.287
173.879 80.9013
203.6 81.2759
189.675 78.4258
169.471 77.2516
167.927 73.478
182.338 75.0199
179.242 71.4871
210.841 77.7667
198.698 75.2274
213.934 74.0476
206.187 71.5153
192.703 72.1343
188.36 68.9022
200.247 68.7567
195.578 65.8349
260.792 70.4208
250.151 71.8087
254.454 67.4896
244.841 68.5258
238.091 72.2946
225.905 71.7507
234.437 68.7009
226.888 67.1029
249.035 64.4641
240.272 65.182
244.188 61.3759
238.11 60.2075
233.475 63.8534
227.395 62.2651
232.549 58.8029
227.497 57.2002
217.845 69.7481
211.241 67.4706
220.368 65.2264
214.759 63.1328
205.8 64.9891
201.264 62.349
209.92 60.8683
205.719 58.4653
221.992 60.4659
217.2 58.4965
222.925 55.433
218.788 53.5303
212.943 56.3889
209.144 54.1677
215.039 51.5159
211.632 49.4092
167.639 69.6967
167.395 65.853
177.028 67.8839
175.363 64.2012
167.219 61.9235
167.137 57.8802
174.081 60.4201
173.106 56.513
185.063 65.5598
182.472 62.1112
191.817 62.7807
188.721 59.6036
180.393 58.5451
178.718 54.8369
186.134 56.2968
183.959 52.8379
167.19 53.6888
167.431 49.3075
172.412 52.4428
172.018 48.1608
167.946 44.6859
168.868 39.7681
171.993 43.6051
172.481 38.7022
177.399 50.9481
176.441 46.8233
182.15 49.187
180.707 45.2807
175.91 42.3856
175.975 37.5357
179.706 41.0226
179.355 36.2742
197.43 59.576
194.146 56.6795
202.04 55.9439
198.786 53.3134
191.3 53.6549
188.818 50.482
195.882 50.5717
193.272 47.7032
205.733 51.85
202.648 49.4461
208.522 47.2257
205.67 44.9771
199.838 46.9592
197.256 44.3828
203.039 42.6723
200.597 40.3163
186.66 47.1204
184.829 43.4993
190.918 44.6717
188.814 41.4062
183.402 39.4987
182.63 34.9202
187.024 37.7663
185.817 33.4692
194.867 41.6949
192.646 38.8427
198.316 37.9096
196.167 35.443
190.607 35.6963
188.954 31.8913
194.119 32.8762
192.154 29.986
110.573 -9.60834
114.069 -10.9388
111.374 -6.00688
114.837 -7.33184
117.603 -12.2023
121.182 -13.3797
118.333 -8.58981
121.866 -9.76176
112.192 -2.41227
115.634 -3.73518
113.045 1.17056
116.478 -0.153719
119.103 -4.99068
122.604 -6.1597
119.933 -1.40979
123.416 -2.57846
124.808 -14.4516
128.484 -15.3981
125.441 -10.8283
129.06 -11.7696
132.207 -16.1993
135.975 -16.8349
132.722 -12.5655
136.426 -13.1956
126.142 -7.22277
129.721 -8.15995
126.932 -3.64003
130.485 -4.57424
133.34 -8.9508
136.999 -9.57439
134.078 -5.36018
137.71 -5.97616
113.955 4.73622
117.39 3.40702
114.942 8.27857
118.391 6.94063
120.843 2.14719
124.32 0.97618
121.854 5.67358
125.339 4.49724
116.029 11.7904
119.505 10.4395
117.244 15.2631
120.757 13.8943
122.991 9.1613
126.497 7.97619
124.279 12.6004
127.822 11.4024
127.828 -0.0859698
131.372 -1.01851
128.854 3.43215
132.405 2.49972
134.956 -1.79982
138.581 -2.40722
135.997 1.7225
139.635 1.12449
130.034 6.90534
133.609 5.97101
131.397 10.3223
135.014 9.38342
137.229 5.19694
140.903 4.60879
138.686 8.61093
142.421 8.0326
139.78 -17.2848
143.612 -17.5289
140.166 -13.6393
143.933 -13.8754
147.458 -17.5474
151.3 -17.3204
147.717 -13.8828
151.503 -13.6399
140.693 -10.0092
144.417 -10.2331
141.38 -6.39957
145.084 -6.6067
148.163 -10.223
151.918 -9.95491
148.815 -6.57234
152.568 -6.26914
155.121 -16.8284
158.901 -16.0516
155.277 -13.1242
159.021 -12.312
162.618 -14.9689
166.251 -13.557
162.718 -11.1768
167.869 -10.791
155.672 -9.40288
159.412 -8.5381
156.334 -5.6666
161.017 -5.6989
164.326 -8.38526
169.436 -8.04546
165.883 -5.60801
170.963 -5.31982
142.247 -2.81666
145.955 -3.00241
143.322 0.73155
147.06 0.572088
149.701 -2.93633
153.482 -2.58686
150.852 0.678066
155.123 0.404255
144.637 4.2348
148.438 4.1068
146.234 7.67972
150.186 7.30744
152.536 3.7681
156.74 3.41251
154.216 6.88749
158.353 6.44348
157.949 -2.76
162.576 -2.86515
159.527 0.151874
164.102 -0.0342461
167.4 -2.84368
172.457 -2.61331
168.888 -0.0905791
173.929 0.0749039
161.083 3.07314
165.606 2.79711
162.633 6.00895
167.102 5.63313
170.356 2.65341
175.387 2.74567
171.815 5.39092
176.837 5.39993
118.614 18.686
122.178 17.2936
120.174 22.046
123.802 20.623
125.75 15.9785
129.345 14.7627
127.439 19.2802
131.103 18.0401
121.963 25.3266
125.669 23.8645
124.024 28.5068
127.823 26.9951
129.387 22.4856
133.139 21.2132
131.64 25.5695
135.503 24.2542
132.976 13.6688
136.658 12.7217
134.811 16.9267
138.581 15.9662
140.405 11.9483
144.234 11.3789
142.435 15.1878
146.188 14.8247
136.947 20.0725
140.836 19.0914
139.439 23.0756
143.131 22.7953
144.539 18.7626
148.245 18.3296
146.805 22.4003
150.469 21.8962
126.41 31.5597
130.317 29.9853
129.178 34.4508
133.209 32.7972
134.253 28.4995
138.252 27.1273
137.286 31.2335
141.086 31.0759
132.391 37.1361
136.563 35.3817
136.114 39.5584
140.247 39.5268
140.496 35.2893
144.374 35.0589
144.32 39.3472
148.323 39.0258
141.974 26.9054
145.662 26.5607
144.839 30.7882
148.544 30.375
149.318 26.0979
152.948 25.5219
152.198 29.8414
155.804 29.1923
148.19 34.6959
151.938 34.206
152.244 38.5692
156.077 37.9844
155.615 33.5948
159.218 32.868
159.814 37.2785
163.451 36.4588
148.071 10.9999
151.957 10.5491
149.965 14.3714
153.787 13.8388
155.919 10.0429
159.985 9.50399
157.675 13.2419
161.664 12.6021
151.965 17.7999
155.718 17.1833
154.134 21.2894
157.815 20.5879
159.528 16.4925
163.429 15.7469
161.537 19.8022
165.332 18.9484
164.197 8.96579
168.605 8.47924
165.797 11.9517
170.132 11.3425
173.275 8.12544
178.289 8.03873
174.749 10.8616
179.75 10.6633
167.467 14.9766
171.709 14.2323
169.252 18.0523
173.373 17.1613
176.252 13.6061
181.228 13.2754
177.808 16.3688
182.733 15.8776
156.558 24.8383
160.164 24.0532
159.367 28.4326
162.897 27.5673
163.786 23.1747
167.457 22.2143
166.411 26.602
169.935 25.5437
162.749 32.031
166.213 31.0887
166.987 35.5321
170.421 34.5052
169.62 30.0457
172.987 28.9057
173.757 33.3844
177 32.1749
171.228 21.1918
175.181 20.1462
173.517 24.4036
177.239 23.2068
179.453 19.1653
184.278 18.4746
181.255 22.0212
185.884 21.0767
176.347 27.6725
179.763 26.3532
180.159 30.8807
183.254 29.5029
183.381 24.9759
187.6 23.7119
186.338 28.0365
189.664 26.4808
216.265 -58.2731
219.357 -54.9998
209.909 -56.861
213.398 -53.7549
221.937 -51.6506
224.098 -48.2399
216.341 -50.544
218.828 -47.2472
204.088 -55.1281
207.854 -52.1965
198.83 -53.1093
202.764 -50.3508
211.071 -49.1326
213.817 -45.9581
206.17 -47.4352
209.11 -44.3855
225.912 -44.7783
227.428 -41.2737
220.929 -43.8784
222.697 -40.4485
228.683 -37.7321
229.704 -34.1585
224.171 -36.9654
225.379 -33.4357
216.156 -42.6898
218.139 -39.3405
211.637 -41.2201
213.794 -37.9535
219.803 -35.9203
221.178 -32.4367
215.618 -34.5967
217.135 -31.1582
194.127 -50.839
198.142 -48.2452
189.953 -48.3492
193.984 -45.9068
201.664 -45.4729
204.737 -42.5451
197.562 -43.2679
200.717 -40.4539
186.273 -45.6679
190.273 -43.3605
183.047 -42.8191
186.985 -40.628
193.862 -40.8411
197.056 -38.1291
190.552 -38.2117
193.754 -35.5865
207.403 -39.4804
209.696 -36.2938
203.477 -37.483
205.87 -34.3697
211.647 -32.997
213.279 -29.5988
207.918 -31.1253
209.639 -27.7581
199.874 -35.2409
202.333 -32.1898
196.599 -32.7663
199.098 -29.7622
204.45 -28.9858
206.237 -25.6355
201.259 -26.5818
203.09 -23.2287
230.507 -30.5565
231.104 -26.9296
226.343 -29.8641
227.074 -26.2547
231.5 -23.2806
231.694 -19.612
227.578 -22.6104
227.856 -18.9339
222.284 -28.8956
223.134 -25.3014
218.363 -27.6445
219.315 -24.0597
223.734 -21.657
224.083 -17.9642
219.995 -20.4062
220.4 -16.6845
231.68 -15.9263
231.446 -12.226
227.9 -15.2268
227.698 -11.4905
230.974 -8.51337
230.238 -4.79122
227.226 -7.72576
227.837 -2.69059
224.173 -14.2237
223.986 -10.4348
220.519 -12.8929
221.471 -8.32731
224.774 -5.6349
225.467 -0.612489
222.354 -3.56507
223.121 1.44194
214.608 -26.1053
215.643 -22.5199
211.046 -24.273
212.144 -20.6716
216.386 -18.8435
216.829 -15.0739
212.93 -16.9519
214.169 -12.8438
207.7 -22.1414
208.841 -18.502
204.59 -19.7016
206.05 -16.0188
210.2 -14.612
211.533 -10.6073
207.491 -12.248
208.908 -8.35722
217.933 -10.7397
218.986 -6.23587
215.374 -8.59357
216.521 -4.15944
219.957 -1.5168
220.788 3.47156
217.573 0.509657
218.462 5.47528
212.83 -6.45083
214.064 -2.09612
210.287 -4.30595
211.603 -0.0427174
215.192 2.51448
216.135 7.45199
212.805 4.49841
213.798 9.40059
180.236 -39.8224
184.094 -37.7281
177.805 -36.6939
181.575 -34.6761
187.617 -35.3963
190.804 -32.8399
185.042 -32.4087
188.199 -29.9005
175.725 -33.4461
179.406 -31.4839
173.973 -30.0886
177.569 -28.1604
182.812 -29.2592
185.931 -26.7761
180.915 -25.9546
183.995 -23.4703
193.654 -30.0695
196.171 -27.093
191.039 -27.1582
193.56 -24.1851
198.358 -23.9142
200.214 -20.5321
195.757 -20.9797
197.359 -17.6657
188.752 -24.0362
191.267 -21.0368
186.795 -20.7023
188.46 -17.6751
192.91 -17.8778
194.532 -14.699
190.1 -14.6447
191.724 -11.6003
172.531 -26.6281
176.051 -24.7108
171.389 -23.0684
174.848 -21.1372
179.344 -22.4981
182.39 -19.982
178.099 -18.888
179.765 -16.0464
170.544 -19.4106
173.96 -17.4376
170.003 -15.6525
171.638 -12.8877
175.612 -14.648
177.219 -11.8813
173.223 -10.1465
174.77 -7.42805
184.062 -17.061
185.701 -14.1497
181.392 -13.2232
182.991 -10.4145
187.32 -11.2412
188.929 -8.32671
184.574 -7.61577
186.151 -4.8207
178.792 -9.13584
180.342 -6.40952
176.288 -4.7317
177.786 -2.05656
181.879 -3.6998
183.41 -1.0034
179.272 0.598237
180.753 3.23363
201.756 -17.0424
203.28 -13.4898
198.944 -14.3117
200.517 -10.8968
204.789 -9.84787
206.278 -6.08274
202.08 -7.39417
203.63 -3.76853
196.143 -11.4847
197.748 -8.21475
193.342 -8.52777
194.962 -5.40876
199.351 -4.86257
200.95 -1.39208
196.588 -2.21795
198.223 1.08034
207.734 -2.15068
209.127 2.00589
205.155 0.0273367
206.623 4.05787
210.402 6.4631
211.445 11.32
207.973 8.41174
209.068 13.2093
202.535 2.24703
204.076 6.1265
199.858 4.5382
201.467 8.23418
205.504 10.3503
206.658 15.0679
202.979 12.2901
204.207 16.8958
190.536 -5.3947
192.152 -2.42944
187.731 -2.0211
189.323 0.794628
193.784 0.591384
195.435 3.70077
190.936 3.64361
192.58 6.55251
184.945 1.68403
186.494 4.36876
182.239 5.85067
183.736 8.45065
188.067 7.06033
189.673 9.7745
185.252 11.0354
186.796 13.6078
197.105 6.94965
198.774 10.4206
194.26 9.56551
195.969 12.7612
200.377 14.254
201.703 18.6952
197.663 16.2916
199.127 20.4745
191.324 12.5398
193.032 15.4135
188.379 16.1737
190.015 18.7469
194.788 18.5294
196.442 22.2661
191.724 21.3702
193.53 24.2671
311.83 -41.5049
308.24 -38.9567
307.53 -43.4937
304.063 -40.8211
305.153 -36.1709
302.501 -33.1991
301.097 -37.9344
298.56 -34.8808
303.161 -45.503
299.816 -42.7065
298.667 -47.5096
295.456 -44.5892
296.975 -39.7185
294.558 -36.5824
292.753 -41.4998
290.469 -38.2812
300.219 -30.0815
298.249 -26.8496
296.383 -31.6972
294.507 -28.412
296.539 -23.5278
295.044 -20.1351
292.879 -25.0473
291.455 -21.6204
292.494 -33.3318
290.718 -29.9924
288.527 -34.9634
286.863 -31.5694
289.179 -26.5839
287.832 -23.1219
285.423 -28.1169
284.161 -24.6196
293.995 -49.4884
290.941 -46.4443
289.091 -51.4112
286.229 -48.2448
288.396 -43.2541
286.264 -39.9535
283.874 -44.9556
281.919 -41.5749
283.898 -53.2469
281.281 -49.9613
278.369 -54.96
276.061 -51.5614
279.156 -46.5765
277.412 -43.1194
274.218 -48.0875
272.722 -44.5599
284.462 -36.5692
282.924 -33.1214
280.279 -38.1259
278.885 -34.6259
281.595 -29.6253
280.429 -26.093
277.682 -31.0878
276.626 -27.5217
275.959 -39.6092
274.73 -36.0599
271.488 -40.9935
270.449 -37.3995
273.671 -32.4822
272.739 -28.8845
269.554 -33.7862
268.762 -30.1599
293.727 -16.6866
292.554 -13.1943
290.196 -18.145
289.069 -14.6319
291.497 -9.66805
290.528 -6.11577
288.046 -11.0901
287.102 -7.52695
286.637 -19.6187
285.563 -16.084
283.039 -21.0882
282.025 -17.5316
284.581 -12.5259
283.667 -8.95124
281.092 -13.9568
280.214 -10.3702
289.626 -2.54424
288.769 1.04067
286.213 -3.94877
285.358 -0.361164
287.937 4.63368
287.109 8.22984
284.517 3.23072
283.67 6.8219
282.796 -5.3658
281.95 -1.77494
279.369 -6.77702
278.537 -3.18243
281.106 1.81631
280.246 5.40294
277.697 0.408682
276.83 3.99131
279.39 -22.5338
278.445 -18.9553
275.68 -23.9355
274.814 -20.3359
277.568 -15.3639
276.734 -11.7652
274.001 -16.7283
273.219 -13.1176
271.9 -25.2731
271.123 -21.6535
268.042 -26.5257
267.367 -22.8882
270.385 -18.0306
269.662 -14.4085
266.712 -19.2512
266.057 -15.6186
275.921 -8.16408
275.11 -4.56538
272.446 -9.50847
271.662 -5.90537
274.28 -0.973878
273.412 2.60539
270.848 -2.31296
269.984 1.26368
268.935 -10.7915
268.185 -7.18377
265.384 -11.9941
264.674 -8.38163
267.392 -3.58993
266.537 -0.0150437
263.907 -4.78579
263.066 -1.21165
272.463 -56.5112
270.544 -53.0101
266.156 -57.8571
264.718 -54.2701
269.041 -49.457
267.839 -45.8675
263.619 -50.6519
262.758 -47.0127
259.456 -58.9521
258.591 -55.3027
252.406 -59.7512
252.198 -56.0699
257.961 -51.6387
257.488 -47.9655
252.095 -52.3845
252.049 -48.6967
266.857 -42.2526
266.034 -38.6203
262.064 -43.3594
261.485 -39.697
265.324 -34.9765
264.69 -31.3259
260.98 -36.0296
260.521 -32.3603
257.116 -44.2866
256.806 -40.6047
252.03 -45.0078
252.013 -41.3189
256.529 -36.9221
256.26 -33.2408
251.98 -37.6311
251.917 -33.9455
245.098 -60.2135
245.605 -56.5372
237.666 -60.3074
238.907 -56.6768
246.068 -52.859
246.48 -49.1792
239.951 -53.0371
240.833 -49.3896
230.274 -60.0146
232.218 -56.47
223.09 -59.3324
225.663 -55.9096
233.828 -52.9002
235.172 -49.3099
227.793 -52.4384
229.569 -48.9282
246.835 -45.4981
247.128 -41.8163
241.573 -45.7356
242.184 -42.0761
247.353 -38.1344
247.506 -34.4535
242.675 -38.4122
243.05 -34.745
236.293 -45.7025
237.221 -42.0806
231.052 -45.3858
232.286 -41.8162
237.977 -38.4467
238.575 -34.8026
233.3 -38.2236
234.115 -34.6111
264.104 -27.6724
263.54 -24.0195
260.082 -28.6918
259.643 -25.0268
262.979 -20.3704
262.401 -16.7284
259.184 -21.3679
258.69 -17.718
255.982 -29.5626
255.677 -25.8894
251.81 -30.2636
251.649 -26.5869
255.33 -22.2236
254.927 -18.5675
251.421 -22.9172
251.115 -19.2568
261.788 -13.0969
261.123 -9.47966
258.144 -14.0802
257.53 -10.4582
260.388 -5.88115
259.564 -2.30652
256.83 -6.85616
256.026 -3.27945
254.453 -14.9242
253.894 -11.297
250.718 -15.6085
250.216 -11.9758
253.232 -7.69042
252.449 -4.10958
249.594 -8.36296
248.833 -4.77521
247.58 -30.7745
247.57 -27.099
243.31 -31.076
243.454 -27.4066
247.466 -23.4287
247.261 -19.7658
243.478 -23.7389
243.377 -20.0748
239.022 -31.1503
239.322 -27.4917
234.744 -30.9816
235.196 -27.3377
239.474 -23.8291
239.475 -20.1646
235.474 -23.6818
235.574 -20.0164
246.944 -16.113
246.502 -12.4737
243.14 -16.4173
242.756 -12.7696
245.919 -8.85219
245.177 -5.25368
242.211 -9.13578
241.485 -5.52115
239.318 -16.5011
238.99 -12.8417
235.492 -16.3442
235.216 -12.6682
238.478 -9.19049
237.76 -5.55219
234.729 -8.99181
234.009 -5.31917
346.462 17.3449
346.963 21.0563
342.797 18.7064
343.24 22.3905
347.744 24.6931
348.804 28.2548
343.939 26.0206
344.896 29.5948
339.031 19.7568
339.399 23.4266
335.189 20.5136
335.47 24.1774
340.001 27.0592
340.837 30.6519
335.959 27.8176
336.657 31.4314
350.147 31.7388
351.788 35.1402
346.118 33.1098
347.62 36.5607
353.748 38.4521
356.053 41.6651
349.425 39.9411
351.564 43.2423
341.915 34.2016
343.252 37.7037
337.573 35.0157
338.719 38.567
344.868 41.1526
346.797 44.5411
340.116 42.0807
341.794 45.5513
331.295 20.9934
331.477 24.6561
327.372 21.213
327.449 24.8768
331.843 28.3059
332.391 31.9403
327.683 28.536
328.073 32.1884
323.441 21.1898
323.409 24.8549
319.522 20.9419
319.38 24.6074
323.508 28.5217
323.734 32.188
319.343 28.2788
319.405 31.9539
333.128 35.5567
334.064 39.1522
328.62 35.8318
329.33 39.4641
335.215 42.7235
336.606 46.2667
330.215 43.0831
331.292 46.6863
324.085 35.852
324.562 39.5121
319.56 35.6311
319.802 39.3092
325.169 43.1669
325.915 46.8149
320.128 42.9869
320.537 46.6634
358.74 44.767
1.85354 47.7419
354.076 46.4531
357.016 49.5591
5.44519 50.57
9.5734 53.2268
0.446078 52.5416
4.44526 55.3766
349.081 47.8597
351.777 51.0962
343.795 48.9714
346.175 52.3317
354.959 54.2343
358.721 57.2526
349.012 55.6193
352.409 58.817
14.2992 55.6818
19.6792 57.8991
9.1035 58.0334
14.5182 60.4732
25.7529 59.837
32.5254 61.4501
20.7814 62.6482
27.9561 64.5017
3.18378 60.122
8.49229 62.8041
356.509 61.9004
1.50396 64.835
14.8119 65.2474
22.3046 67.3852
7.64416 67.5711
15.2375 70.0374
338.274 49.7769
340.27 53.2478
332.588 50.2709
334.14 53.8333
342.663 56.6706
345.558 60.0333
336.006 57.3687
338.269 60.8708
326.812 50.4549
327.883 54.0852
321.027 50.338
321.599 54.0102
329.159 57.7043
330.69 61.3097
322.256 57.6797
323.004 61.3461
349.101 63.3185
353.508 66.5
341.054 64.3296
344.562 67.7303
359.102 69.5373
6.35561 72.365
349.122 71.0477
355.299 74.2373
332.553 64.8984
334.876 68.4654
323.85 65.0093
324.811 68.6695
337.889 72.0022
342.03 75.4925
325.915 72.3266
327.22 75.981
315.631 20.4882
315.38 24.1523
311.779 19.8481
311.424 23.5088
315.21 27.8247
315.112 31.5032
311.126 27.1784
310.874 30.8548
307.976 19.0416
307.522 22.6965
304.227 18.0886
303.681 21.7357
307.104 26.3598
306.707 30.0291
303.152 25.3895
302.621 29.0471
315.074 35.1861
315.086 38.872
310.652 34.536
310.444 38.2201
315.137 42.5596
315.215 46.2482
310.233 41.9055
309.996 45.5905
306.312 33.7017
305.899 37.3753
302.067 32.7053
301.465 36.3608
305.444 41.0474
304.915 44.7149
300.787 40.01
299.994 43.6483
300.534 17.0093
299.904 20.6467
296.895 15.8237
296.191 19.45
299.273 24.2883
298.62 27.9303
295.468 23.077
294.706 26.7005
293.309 14.5514
292.537 18.1654
289.768 13.2119
288.939 16.8129
291.734 21.7762
290.873 25.3789
288.063 20.4063
287.117 23.9866
297.922 31.5691
297.15 35.2003
293.877 30.3159
292.953 33.9178
296.271 38.8189
295.244 42.4185
291.897 37.4997
290.664 41.0533
289.93 28.968
288.871 32.537
286.072 27.5474
284.895 31.0809
287.659 36.0777
286.247 39.5801
283.546 34.5775
281.979 38.025
315.304 49.9366
315.385 53.6242
309.705 49.2731
309.32 52.9511
315.429 57.31
315.397 60.993
308.789 56.6214
308.031 60.2795
304.274 48.3743
303.466 52.021
299.04 47.27
297.859 50.8674
302.418 55.6482
301.022 59.2464
296.364 54.4295
294.433 57.9406
315.225 64.6716
314.808 68.3434
306.924 63.9184
305.268 67.5266
313.954 72.0035
312.279 75.6419
302.72 71.083
298.642 74.5467
299.118 62.8005
296.457 66.2863
291.891 61.377
288.481 64.7015
292.643 69.6627
287.025 72.8557
283.83 67.8548
277.412 70.7401
294.014 45.9909
292.512 49.5252
289.197 44.5679
287.422 48.0289
290.643 53.0058
288.28 56.4107
285.246 51.4165
282.543 54.7029
284.576 43.0306
282.574 46.4116
280.134 41.4076
277.941 44.7042
280.147 49.6989
277.18 52.8595
275.31 47.8869
272.138 50.9181
285.25 59.7079
281.318 62.8491
279.154 57.8486
274.876 60.7969
276.172 65.7621
269.444 68.338
269.473 63.4671
262.71 65.747
273.531 55.8478
269.036 58.6008
268.302 53.747
263.67 56.3059
263.522 61.0331
256.858 63.0328
258.127 58.5066
251.613 60.2389
54.0089 5.31917
57.76 5.55219
54.7289 8.99181
58.478 9.19049
61.4846 5.52115
65.1769 5.25368
62.211 9.13578
65.9186 8.85219
55.2156 12.6682
58.9904 12.8417
55.4918 16.3442
59.3176 16.5011
62.7564 12.7696
66.5015 12.4737
63.1399 16.4173
66.944 16.113
68.8326 4.77521
72.4491 4.10958
69.5938 8.36296
73.2317 7.69042
76.0258 3.27945
79.5638 2.30652
76.8297 6.85616
80.3876 5.88115
70.2163 11.9758
73.8937 11.297
70.7181 15.6085
74.4534 14.9242
77.5297 10.4582
81.1227 9.47966
78.1443 14.0802
81.7879 13.0969
55.5741 20.0164
59.4751 20.1646
55.4735 23.6818
59.4741 23.8291
63.3766 20.0748
67.2613 19.7658
63.4784 23.7389
67.4663 23.4287
55.1963 27.3377
59.3218 27.4917
54.7443 30.9816
59.022 31.1503
63.454 27.4066
67.5696 27.099
63.3098 31.076
67.5802 30.7745
71.1151 19.2568
74.9272 18.5675
71.4212 22.9172
75.3302 22.2236
78.6904 17.718
82.4008 16.7284
79.1845 21.3679
82.9789 20.3704
71.649 26.5869
75.677 25.8894
71.8104 30.2636
75.982 29.5626
79.6429 25.0268
83.5402 24.0195
80.0824 28.6918
84.1035 27.6724
83.0661 1.21165
86.5374 0.0150437
83.9072 4.78579
87.3921 3.58993
89.9835 -1.26368
93.4117 -2.60539
90.8476 2.31296
94.28 0.973878
84.6735 8.38163
88.185 7.18377
85.3841 11.9941
88.9354 10.7915
91.6618 5.90537
95.1099 4.56538
92.4458 9.50847
95.9213 8.16408
96.8298 -3.99131
100.246 -5.40294
97.6969 -0.408682
101.106 -1.81631
103.67 -6.8219
107.109 -8.22984
104.517 -3.23072
107.937 -4.63368
98.5366 3.18243
101.95 1.77494
99.3688 6.77702
102.796 5.3658
105.358 0.361164
108.769 -1.04067
106.213 3.94877
109.626 2.54424
86.0574 15.6186
89.6622 14.4085
86.7119 19.2512
90.3847 18.0306
93.219 13.1176
96.7338 11.7652
94.0014 16.7283
97.5678 15.3639
87.3666 22.8882
91.1232 21.6535
88.0424 26.5257
91.8998 25.2731
94.814 20.3359
98.4453 18.9553
95.68 23.9355
99.3901 22.5338
100.214 10.3702
103.667 8.95124
101.092 13.9568
104.581 12.5259
107.102 7.52695
110.528 6.11577
108.046 11.0901
111.497 9.66805
102.025 17.5316
105.563 16.084
103.039 21.0882
106.637 19.6187
109.069 14.6319
112.554 13.1943
110.196 18.145
113.727 16.6866
54.1147 34.6111
58.5751 34.8026
53.2997 38.2236
57.9774 38.4467
63.0495 34.745
67.5059 34.4535
62.6746 38.4122
67.3532 38.1344
52.2859 41.8162
57.221 42.0806
51.0524 45.3858
56.2926 45.7025
62.1838 42.0761
67.1279 41.8163
61.5727 45.7356
66.8352 45.4981
71.9167 33.9455
76.2604 33.2408
71.9799 37.6311
76.5287 36.9221
80.5213 32.3603
84.69 31.3259
80.9805 36.0296
85.3238 34.9765
72.0127 41.3189
76.8061 40.6047
72.0298 45.0078
77.1158 44.2866
81.4846 39.697
86.0342 38.6203
82.0641 43.3594
86.8572 42.2526
49.5691 48.9282
55.1719 49.3099
47.793 52.4384
53.8284 52.9002
60.833 49.3896
66.4804 49.1792
59.9513 53.0371
66.0684 52.859
45.6627 55.9096
52.2179 56.47
43.0902 59.3324
50.274 60.0146
58.9066 56.6768
65.6051 56.5372
57.6664 60.3074
65.0983 60.2135
72.0493 48.6967
77.4877 47.9655
72.0946 52.3845
77.961 51.6387
82.7582 47.0127
87.8391 45.8675
83.6189 50.6519
89.0408 49.457
72.1979 56.0699
78.5906 55.3027
72.4061 59.7512
79.4557 58.9521
84.7178 54.2701
90.5442 53.0101
86.1562 57.8571
92.4627 56.5112
88.7624 30.1599
92.7394 28.8845
89.5537 33.7862
93.6712 32.4822
96.6258 27.5217
100.429 26.093
97.6818 31.0878
101.595 29.6253
90.4489 37.3995
94.7301 36.0599
91.4881 40.9935
95.959 39.6092
98.8848 34.6259
102.924 33.1214
100.279 38.1259
104.462 36.5692
104.161 24.6196
107.832 23.1219
105.423 28.1169
109.179 26.5839
111.455 21.6204
115.044 20.1351
112.879 25.0473
116.539 23.5278
106.863 31.5694
110.718 29.9924
108.527 34.9634
112.494 33.3318
114.507 28.412
118.249 26.8496
116.383 31.6972
120.219 30.0815
92.7224 44.5599
97.4117 43.1194
94.2178 48.0875
99.1564 46.5765
101.919 41.5749
106.264 39.9535
103.874 44.9556
108.396 43.2541
96.0613 51.5614
101.281 49.9613
98.3693 54.96
103.898 53.2469
106.229 48.2448
110.941 46.4443
109.091 51.4112
113.995 49.4884
110.469 38.2812
114.558 36.5824
112.753 41.4998
116.975 39.7185
118.56 34.8808
122.501 33.1991
121.097 37.9344
125.153 36.1709
115.456 44.5892
119.816 42.7065
118.667 47.5096
123.161 45.503
124.063 40.8211
128.24 38.9567
127.53 43.4937
131.83 41.5049
71.6129 -60.2389
76.8583 -63.0328
78.1274 -58.5066
83.5219 -61.0331
82.7105 -65.747
89.4443 -68.338
89.4734 -63.4671
96.1724 -65.7621
83.6703 -56.3059
89.0356 -58.6008
88.3016 -53.747
93.5314 -55.8478
94.8763 -60.7969
101.318 -62.8491
99.1538 -57.8486
105.25 -59.7079
97.4118 -70.7401
107.025 -72.8557
103.83 -67.8548
112.643 -69.6627
118.642 -74.5467
132.279 -75.6419
122.72 -71.083
133.954 -72.0035
108.481 -64.7015
116.457 -66.2863
111.891 -61.377
119.118 -62.8005
125.268 -67.5266
134.808 -68.3434
126.924 -63.9184
135.225 -64.6716
92.1382 -50.9181
97.1802 -52.8595
95.3104 -47.8869
100.147 -49.6989
102.543 -54.7029
108.28 -56.4107
105.246 -51.4165
110.643 -53.0058
97.9405 -44.7042
102.574 -46.4116
100.134 -41.4076
104.576 -43.0306
107.422 -48.0289
112.512 -49.5252
109.197 -44.5679
114.014 -45.9909
114.433 -57.9406
121.022 -59.2464
116.364 -54.4295
122.418 -55.6482
128.031 -60.2795
135.397 -60.993
128.789 -56.6214
135.429 -57.31
117.859 -50.8674
123.466 -52.021
119.04 -47.27
124.274 -48.3743
129.32 -52.9511
135.385 -53.6242
129.705 -49.2731
135.304 -49.9366
147.22 -75.981
162.03 -75.4925
145.915 -72.3266
157.889 -72.0022
175.299 -74.2373
186.356 -72.365
169.122 -71.0477
179.102 -69.5373
144.811 -68.6695
154.876 -68.4654
143.85 -65.0093
152.553 -64.8984
164.562 -67.7303
173.508 -66.5
161.054 -64.3296
169.101 -63.3185
195.237 -70.0374
202.305 -67.3852
187.644 -67.5711
194.812 -65.2474
207.956 -64.5017
212.525 -61.4501
200.781 -62.6482
205.753 -59.837
181.504 -64.835
188.492 -62.8041
176.509 -61.9004
183.184 -60.122
194.518 -60.4732
199.679 -57.8991
189.103 -58.0334
194.299 -55.6818
143.004 -61.3461
150.69 -61.3097
142.256 -57.6797
149.159 -57.7043
158.269 -60.8708
165.558 -60.0333
156.006 -57.3687
162.663 -56.6706
141.599 -54.0102
147.883 -54.0852
141.027 -50.338
146.812 -50.4549
154.14 -53.8333
160.27 -53.2478
152.588 -50.2709
158.274 -49.7769
172.409 -58.817
178.721 -57.2526
169.012 -55.6193
174.959 -54.2343
184.445 -55.3766
189.573 -53.2268
180.446 -52.5416
185.445 -50.57
166.175 -52.3317
171.777 -51.0962
163.795 -48.9714
169.081 -47.8597
177.016 -49.5591
181.854 -47.7419
174.076 -46.4531
178.74 -44.767
101.979 -38.025
106.247 -39.5801
103.546 -34.5775
107.659 -36.0777
110.664 -41.0533
115.244 -42.4185
111.897 -37.4997
116.271 -38.8189
104.895 -31.0809
108.871 -32.537
106.072 -27.5474
109.93 -28.968
112.953 -33.9178
117.15 -35.2003
113.877 -30.3159
117.922 -31.5691
119.994 -43.6483
124.915 -44.7149
120.787 -40.01
125.444 -41.0474
129.996 -45.5905
135.215 -46.2482
130.233 -41.9055
135.137 -42.5596
121.465 -36.3608
125.899 -37.3753
122.067 -32.7053
126.312 -33.7017
130.444 -38.2201
135.086 -38.872
130.652 -34.536
135.074 -35.1861
107.117 -23.9866
110.873 -25.3789
108.063 -20.4063
111.734 -21.7762
114.706 -26.7005
118.62 -27.9303
115.468 -23.077
119.273 -24.2883
108.939 -16.8129
112.537 -18.1654
109.768 -13.2119
113.309 -14.5514
116.191 -19.45
119.904 -20.6467
116.895 -15.8237
120.534 -17.0093
122.621 -29.0471
126.707 -30.0291
123.152 -25.3895
127.104 -26.3598
130.874 -30.8548
135.112 -31.5032
131.126 -27.1784
135.21 -27.8247
123.681 -21.7357
127.522 -22.6965
124.227 -18.0886
127.976 -19.0416
131.424 -23.5088
135.38 -24.1523
131.779 -19.8481
135.631 -20.4882
140.537 -46.6634
145.915 -46.8149
140.128 -42.9869
145.169 -43.1669
151.292 -46.6863
156.606 -46.2667
150.215 -43.0831
155.215 -42.7235
139.802 -39.3092
144.562 -39.5121
139.56 -35.6311
144.085 -35.852
149.33 -39.4641
154.064 -39.1522
148.62 -35.8318
153.128 -35.5567
161.794 -45.5513
166.797 -44.5411
160.116 -42.0807
164.868 -41.1526
171.564 -43.2423
176.053 -41.6651
169.425 -39.9411
173.748 -38.4521
158.719 -38.567
163.252 -37.7037
157.573 -35.0157
161.915 -34.2016
167.62 -36.5607
171.788 -35.1402
166.118 -33.1098
170.147 -31.7388
139.405 -31.9539
143.734 -32.188
139.343 -28.2788
143.508 -28.5217
148.073 -32.1884
152.391 -31.9403
147.683 -28.536
151.843 -28.3059
139.38 -24.6074
143.409 -24.8549
139.522 -20.9419
143.441 -21.1898
147.449 -24.8768
151.477 -24.6561
147.372 -21.213
151.295 -20.9934
156.657 -31.4314
160.837 -30.6519
155.959 -27.8176
160.001 -27.0592
164.896 -29.5948
168.804 -28.2548
163.939 -26.0206
167.744 -24.6931
155.47 -24.1774
159.399 -23.4266
155.189 -20.5136
159.031 -19.7568
163.24 -22.3905
166.963 -21.0563
162.797 -18.7064
166.462 -17.3449
9.66448 -26.4808
7.59962 -23.7119
6.3382 -28.0365
3.38145 -24.9759
5.88429 -21.0767
4.2784 -18.4746
1.25542 -22.0212
359.453 -19.1653
3.25381 -29.5029
359.763 -26.3532
0.158709 -30.8807
356.347 -27.6725
357.239 -23.2068
355.181 -20.1462
353.517 -24.4036
351.228 -21.1918
2.73302 -15.8776
1.22763 -13.2754
357.808 -16.3688
356.252 -13.6061
359.75 -10.6633
358.289 -8.03873
354.749 -10.8616
353.275 -8.12544
353.373 -17.1613
351.709 -14.2323
349.252 -18.0523
347.467 -14.9766
350.132 -11.3425
348.605 -8.47924
345.797 -11.9517
344.197 -8.96579
357 -32.1749
352.987 -28.9057
353.757 -33.3844
349.62 -30.0457
349.935 -25.5437
347.457 -22.2143
346.411 -26.602
343.786 -23.1747
350.421 -34.5052
346.213 -31.0887
346.987 -35.5321
342.749 -32.031
342.897 -27.5673
340.164 -24.0532
339.367 -28.4326
336.558 -24.8383
345.332 -18.9484
343.429 -15.7469
341.537 -19.8022
339.528 -16.4925
341.664 -12.6021
339.985 -9.50399
337.675 -13.2419
335.919 -10.0429
337.815 -20.5879
335.718 -17.1833
334.134 -21.2894
331.965 -17.7999
333.787 -13.8388
331.957 -10.5491
329.965 -14.3714
328.071 -10.9999
356.837 -5.39993
355.387 -2.74567
351.815 -5.39092
350.356 -2.6534
353.929 -0.0749039
352.457 2.61331
348.888 0.0905791
347.4 2.84368
347.102 -5.63313
345.606 -2.79711
342.633 -6.00895
341.083 -3.07313
344.102 0.0342461
342.576 2.86515
339.527 -0.151874
337.949 2.76
350.963 5.31983
349.436 8.04547
345.883 5.60801
344.326 8.38526
347.869 10.791
346.251 13.557
342.718 11.1768
342.618 14.9689
341.017 5.6989
339.412 8.5381
336.334 5.6666
335.672 9.40288
339.021 12.312
338.901 16.0516
335.277 13.1242
335.121 16.8284
338.353 -6.44349
336.74 -3.41251
334.216 -6.88749
332.536 -3.7681
335.123 -0.404255
333.482 2.58686
330.852 -0.678066
329.701 2.93633
330.186 -7.30744
328.438 -4.1068
326.234 -7.67972
324.637 -4.2348
327.06 -0.572088
325.955 3.00241
323.322 -0.73155
322.247 2.81666
332.568 6.26914
331.918 9.95491
328.815 6.57234
328.163 10.223
331.503 13.6399
331.3 17.3204
327.717 13.8828
327.458 17.5474
325.084 6.6067
324.417 10.2331
321.38 6.39957
320.693 10.0092
323.933 13.8754
323.612 17.5289
320.166 13.6393
319.78 17.2848
343.451 -36.4588
339.218 -32.868
339.814 -37.2785
335.615 -33.5948
335.804 -29.1923
332.948 -25.5219
332.198 -29.8414
329.318 -26.0979
336.077 -37.9844
331.938 -34.206
332.244 -38.5692
328.19 -34.6959
328.544 -30.375
325.662 -26.5607
324.839 -30.7882
321.974 -26.9054
330.469 -21.8962
328.245 -18.3296
326.805 -22.4003
324.539 -18.7626
326.188 -14.8247
324.234 -11.3789
322.435 -15.1878
320.405 -11.9483
323.131 -22.7953
320.836 -19.0914
319.439 -23.0756
316.947 -20.0725
318.581 -15.9662
316.658 -12.7217
314.811 -16.9267
312.976 -13.6688
328.323 -39.0258
324.374 -35.0589
324.32 -39.3472
320.496 -35.2893
321.086 -31.0759
318.252 -27.1273
317.286 -31.2335
314.253 -28.4995
320.247 -39.5268
316.563 -35.3817
316.114 -39.5584
312.391 -37.1361
313.209 -32.7972
310.317 -29.9853
309.178 -34.4508
306.41 -31.5597
315.503 -24.2542
313.139 -21.2132
311.64 -25.5695
309.387 -22.4856
311.103 -18.0401
309.345 -14.7627
307.439 -19.2802
305.75 -15.9785
307.823 -26.9951
305.669 -23.8645
304.024 -28.5068
301.963 -25.3266
303.802 -20.623
302.178 -17.2936
300.174 -22.046
298.614 -18.686
322.421 -8.0326
320.903 -4.60879
318.686 -8.61093
317.229 -5.19694
319.635 -1.12449
318.581 2.40722
315.997 -1.7225
314.956 1.79982
315.014 -9.38342
313.609 -5.97101
311.397 -10.3223
310.034 -6.90534
312.405 -2.49972
311.372 1.01851
308.854 -3.43215
307.828 0.0859698
317.71 5.97616
316.999 9.57439
314.078 5.36018
313.34 8.9508
316.426 13.1956
315.975 16.8349
312.722 12.5655
312.207 16.1993
310.485 4.57424
309.721 8.15995
306.932 3.64003
306.142 7.22277
309.06 11.7696
308.484 15.3981
305.441 10.8283
304.808 14.4516
307.822 -11.4024
306.497 -7.97619
304.279 -12.6004
302.991 -9.1613
305.339 -4.49724
304.32 -0.97618
301.854 -5.67358
300.843 -2.14719
300.757 -13.8943
299.505 -10.4395
297.244 -15.2631
296.029 -11.7904
298.391 -6.94063
297.39 -3.40702
294.942 -8.27857
293.955 -4.73622
303.416 2.57846
302.604 6.1597
299.933 1.40979
299.103 4.99068
301.866 9.76176
301.182 13.3797
298.333 8.58981
297.603 12.2023
296.478 0.153719
295.634 3.73518
293.045 -1.17056
292.192 2.41227
294.837 7.33184
294.069 10.9388
291.374 6.00688
290.573 9.60834
13.5298 -24.2671
16.4424 -22.2661
11.7239 -21.3702
14.7883 -18.5294
19.1269 -20.4745
21.7027 -18.6952
17.6631 -16.2916
20.3766 -14.254
10.0147 -18.7469
13.0318 -15.4135
8.37942 -16.1737
11.3242 -12.5398
15.9693 -12.7612
18.7738 -10.4206
14.2598 -9.56551
17.1048 -6.94965
24.2072 -16.8958
26.6584 -15.0679
22.9791 -12.2901
25.5037 -10.3503
29.068 -13.2093
31.4453 -11.32
27.9727 -8.41174
30.4021 -6.4631
21.4671 -8.23418
24.0761 -6.1265
19.858 -4.5382
22.5353 -2.24703
26.6235 -4.05787
29.1275 -2.00589
25.1548 -0.0273367
27.7337 2.15068
6.79641 -13.6078
9.67255 -9.7745
5.25198 -11.0354
8.06653 -7.06032
12.5803 -6.55251
15.4353 -3.70077
10.9364 -3.64361
13.7838 -0.591384
3.73577 -8.45065
6.49441 -4.36876
2.23895 -5.85067
4.94548 -1.68403
9.32259 -0.794628
12.1524 2.42944
7.73052 2.0211
10.5364 5.3947
18.223 -1.08034
20.9503 1.39208
16.5883 2.21795
19.3507 4.86257
23.6304 3.76853
26.278 6.08274
22.0802 7.39417
24.7891 9.84786
14.9615 5.40876
17.7476 8.21475
13.3417 8.52777
16.1426 11.4847
20.5169 10.8968
23.2801 13.4898
18.944 14.3117
21.7556 17.0424
33.7983 -9.40059
36.1348 -7.45199
32.8048 -4.49841
35.1917 -2.51448
38.4623 -5.47528
40.7882 -3.47156
37.5726 -0.509657
39.9571 1.5168
31.6032 0.042713
34.0637 2.09612
30.2873 4.30595
32.8296 6.45083
36.5211 4.15944
38.9865 6.23586
35.3737 8.59357
37.9325 10.7397
43.1205 -1.44194
45.4671 0.612481
42.3544 3.56507
44.7741 5.6349
47.8365 2.69059
50.2378 4.79122
47.2261 7.72576
50.9744 8.51337
41.4711 8.32731
43.9863 10.4348
40.5188 12.8929
44.173 14.2237
47.6976 11.4905
51.4461 12.226
47.9 15.2268
51.6796 15.9263
28.9076 8.35722
31.5334 10.6073
27.4908 12.248
30.1996 14.612
34.1693 12.8438
36.8294 15.0739
32.9302 16.9519
36.3858 18.8435
26.0501 16.0188
28.841 18.502
24.5902 19.7016
27.7003 22.1414
32.1441 20.6716
35.6431 22.5199
31.0463 24.273
34.6081 26.1053
40.4003 16.6845
44.0833 17.9642
39.9951 20.4062
43.7343 21.657
47.8556 18.9339
51.6936 19.612
47.578 22.6104
51.4998 23.2806
39.3149 24.0597
43.1343 25.3014
38.3629 27.6445
42.2843 28.8956
47.0737 26.2547
51.1041 26.9296
46.3429 29.8641
50.5071 30.5565
0.753466 -3.23363
3.40993 1.0034
359.272 -0.598237
1.87854 3.6998
6.15096 4.8207
8.92851 8.32671
4.57446 7.61577
7.32008 11.2412
357.786 2.05656
0.342327 6.40952
356.288 4.7317
358.792 9.13584
2.9914 10.4145
5.70147 14.1497
1.39176 13.2232
4.06214 17.061
11.7236 11.6003
14.5323 14.699
10.0995 14.6447
12.9101 17.8778
17.3593 17.6657
20.2143 20.5321
15.757 20.9797
18.3583 23.9142
8.46023 17.6751
11.2669 21.0368
6.79484 20.7023
8.7521 24.0362
13.5595 24.1851
16.1714 27.093
11.0389 27.1582
13.6541 30.0695
354.77 7.42805
357.219 11.8813
353.223 10.1465
355.612 14.648
359.765 16.0464
2.39046 19.982
358.099 18.888
359.344 22.4981
351.638 12.8877
353.96 17.4376
350.003 15.6525
350.544 19.4106
354.848 21.1372
356.051 24.7108
351.389 23.0684
352.531 26.6281
3.99521 23.4703
5.93098 26.7761
0.915153 25.9546
2.81212 29.2592
8.19871 29.9005
10.8037 32.8399
5.04228 32.4087
7.61729 35.3963
357.569 28.1604
359.406 31.4839
353.973 30.0886
355.725 33.4461
1.57465 34.6761
4.09361 37.7281
357.805 36.6939
0.235592 39.8224
23.0898 23.2287
26.2366 25.6355
21.2593 26.5818
24.4498 28.9858
29.6392 27.7581
33.2793 29.5988
27.9177 31.1253
31.6474 32.997
19.0976 29.7622
22.3329 32.1898
16.5987 32.7663
19.8737 35.2409
25.8697 34.3697
29.6961 36.2938
23.4771 37.483
27.4026 39.4804
37.1345 31.1582
41.1782 32.4367
35.618 34.5967
39.8033 35.9203
45.3795 33.4357
49.7038 34.1585
44.1708 36.9654
48.6833 37.7321
33.7943 37.9535
38.1389 39.3405
31.6366 41.2201
36.1564 42.6898
42.697 40.4485
47.428 41.2737
40.9292 43.8784
45.9119 44.7783
13.7535 35.5865
17.0561 38.1291
10.5518 38.2117
13.8619 40.8411
20.717 40.4539
24.7372 42.5451
17.5624 43.2679
21.6641 45.4729
6.98465 40.628
10.2728 43.3605
3.04679 42.8191
6.27311 45.6679
13.9841 45.9068
18.1421 48.2452
9.95312 48.3492
14.1266 50.839
29.1098 44.3855
33.817 45.9581
26.1699 47.4352
31.0707 49.1326
38.8282 47.2472
44.0983 48.2399
36.3412 50.544
41.9367 51.6506
22.7639 50.3508
27.8541 52.1965
18.8297 53.1093
24.0885 55.1281
33.3985 53.7549
39.3575 54.9998
29.9086 56.861
36.2646 58.2731
16.0896 -27.7026
18.4403 -30.3366
19.259 -25.9243
22.6503 -28.6229
20.6067 -32.7969
22.8296 -35.1755
25.4512 -31.1995
28.1119 -33.641
22.0161 -24.1303
25.994 -26.6837
24.6286 -22.3161
28.9445 -24.6998
29.333 -29.2243
32.4278 -31.6549
32.6701 -27.1329
36.1172 -29.4913
25.1665 -37.4954
27.6493 -39.761
30.7904 -35.9728
33.5626 -38.2093
30.3054 -41.9702
33.1619 -44.1172
36.4762 -40.3558
39.5673 -42.4109
35.4609 -33.9673
38.5308 -36.1652
39.4564 -31.7413
42.7895 -33.8734
41.6992 -38.2512
45.0098 -40.2235
46.1827 -35.8832
49.6826 -37.7662
27.1542 -20.4736
31.6769 -22.6965
29.6166 -18.6004
34.2711 -20.6765
35.6749 -24.9978
39.3924 -27.2516
38.4625 -22.8413
42.3843 -24.9766
32.03 -16.6964
36.7706 -18.639
34.4049 -14.7624
39.2027 -16.5831
41.101 -20.6705
45.1774 -22.6833
43.6345 -18.4875
47.8287 -20.3789
42.9785 -29.4108
46.5292 -31.4553
46.1645 -27.0294
49.8901 -28.9728
50.1094 -33.3744
53.7653 -35.1597
53.6218 -30.7912
57.4034 -32.473
49.1092 -24.6227
52.9738 -26.4582
51.8791 -22.2033
55.8543 -23.9283
56.8269 -28.1705
60.7092 -29.7454
59.805 -25.5323
63.7684 -26.9995
36.2475 -46.1931
39.5926 -48.1865
42.867 -44.3686
46.4037 -46.2191
43.2292 -50.0833
47.1893 -51.866
50.2032 -47.9495
54.2879 -49.5435
48.4961 -42.0769
52.1851 -43.8025
53.3233 -39.5157
57.1304 -41.1229
56.0984 -45.3885
60.2518 -46.8203
61.1224 -42.5766
65.3107 -43.8635
51.5033 -53.514
56.1961 -55.0033
58.6751 -50.982
63.3741 -52.2433
61.2827 -56.3064
66.7624 -57.3935
68.3831 -53.3038
73.1271 -55.9219
64.6542 -48.081
69.3057 -49.1518
69.6992 -44.9685
74.1551 -47.1684
73.9072 -51.5558
78.663 -53.9481
78.6914 -49.3799
83.3816 -51.5812
57.5299 -36.8029
61.4273 -38.2943
61.2662 -34.0078
65.2325 -35.3852
65.4735 -39.6231
69.6772 -40.7767
69.3165 -36.5942
73.5193 -38.4042
64.6499 -31.1711
68.6695 -32.4364
67.7718 -28.3166
71.7915 -29.7447
72.7719 -34.0555
76.8353 -35.7577
75.7525 -31.2795
79.6907 -32.8965
73.9983 -42.7795
78.3466 -44.8178
77.7107 -40.2736
81.9393 -42.18
82.7805 -46.8697
87.3581 -48.9118
86.2517 -44.1006
90.6936 -46.0115
80.901 -37.5198
85.0076 -39.3189
83.6386 -34.5723
87.6273 -36.2842
89.1922 -41.132
93.4913 -42.9354
91.6868 -38.0097
95.8463 -39.7255
36.7503 -12.7995
41.5866 -14.508
39.0745 -10.8088
43.9372 -12.4137
46.0936 -16.2926
50.3787 -18.0663
48.5012 -14.0857
52.8576 -15.7465
41.3856 -8.79144
46.2669 -10.3001
43.6913 -6.74866
48.5869 -8.16744
50.8754 -11.8664
55.2894 -13.4195
53.2315 -9.6344
57.6937 -11.0853
54.5228 -19.777
58.587 -21.3918
57.0772 -17.3466
61.2142 -18.8531
62.617 -22.8877
66.647 -24.2477
65.3101 -20.2426
69.2119 -21.2816
59.5712 -14.9129
63.7694 -16.3141
62.0286 -12.4761
65.8643 -13.1071
67.6327 -17.1521
71.4125 -18.1657
69.617 -13.9357
73.3044 -14.932
45.9997 -4.68153
50.9075 -6.0161
48.3189 -2.59111
53.2387 -3.84656
55.5832 -7.38961
60.0874 -8.74343
57.9431 -5.13202
61.7473 -5.32634
50.6574 -0.478468
55.5907 -1.6594
53.0243 1.6553
56.8093 1.93295
59.3854 -1.62244
63.1219 -1.84541
60.5529 1.93226
64.2538 1.68495
63.9044 -9.16012
67.6424 -9.7961
65.4809 -5.76078
69.1528 -6.40361
71.3151 -10.6203
74.9348 -11.6053
72.771 -7.22673
76.3439 -8.20457
66.8041 -2.29632
70.4358 -2.94677
67.9112 1.21929
71.5252 0.561105
74.0214 -3.77094
77.566 -4.74488
75.0974 -0.265559
78.6308 -1.23803
70.6004 -25.483
74.4819 -26.8483
73.0338 -22.4736
76.8023 -23.7911
78.3224 -28.3175
82.1499 -29.8668
80.5412 -25.2092
84.2727 -26.7047
75.1309 -19.326
78.808 -20.6072
76.9427 -16.0692
80.5472 -17.3229
82.4623 -21.9854
86.112 -23.4383
84.1329 -18.6702
87.7144 -20.0895
85.9907 -31.4732
89.8698 -33.1145
88.0181 -28.2554
91.7982 -29.8396
93.8118 -34.7687
97.8405 -36.4132
95.6333 -31.4359
99.543 -33.0226
89.7745 -24.9444
93.4673 -26.4826
91.3065 -21.5601
94.9241 -23.0614
97.2074 -28.0321
101.011 -29.572
98.5815 -24.5733
102.293 -26.0755
78.5131 -12.7258
82.062 -13.9588
79.88 -9.31351
83.3888 -10.5314
85.5936 -15.2824
89.1201 -16.6756
86.88 -11.837
90.3641 -13.2102
81.0761 -5.84611
84.559 -7.05329
82.1298 -2.33475
85.6004 -3.53502
88.0228 -8.34595
91.4766 -9.70429
89.0493 -4.81886
92.4845 -6.16688
92.6542 -18.1182
96.2085 -19.5903
93.852 -14.6311
97.3549 -16.0805
99.7957 -21.0723
103.428 -22.5443
100.884 -17.539
104.45 -18.9874
94.9301 -11.109
98.393 -12.5411
95.9147 -7.56009
99.349 -8.97976
101.876 -13.9817
105.388 -15.412
102.797 -10.4073
106.267 -11.8243
12.1539 -29.986
8.95376 -31.8913
14.1187 -32.8762
10.6074 -35.6963
5.81711 -33.4692
2.62976 -34.9202
7.0237 -37.7663
3.40177 -39.4987
16.1665 -35.443
12.6462 -38.8427
18.3157 -37.9096
14.8667 -41.6949
8.81428 -41.4062
4.82858 -43.4993
10.9176 -44.6717
6.65994 -47.1204
359.355 -36.2742
355.975 -37.5357
359.706 -41.0226
355.91 -42.3855
352.481 -38.7022
348.868 -39.7681
351.993 -43.6051
347.946 -44.6859
0.707135 -45.2807
356.441 -46.8233
2.14955 -49.187
357.399 -50.9481
352.018 -48.1608
347.431 -49.3075
352.412 -52.4428
347.19 -53.6888
20.5971 -40.3163
17.256 -44.3828
23.0387 -42.6723
19.8378 -46.9592
13.2716 -47.7032
8.81796 -50.482
15.8822 -50.5717
11.2998 -53.6549
25.6698 -44.9771
22.6485 -49.4461
28.5223 -47.2257
25.7329 -51.85
18.7858 -53.3134
14.1457 -56.6795
22.0396 -55.9439
17.4303 -59.576
3.95941 -52.8379
358.718 -54.8369
6.13393 -56.2968
0.393191 -58.5451
353.106 -56.513
347.137 -57.8802
354.081 -60.4201
347.219 -61.9235
8.72088 -59.6036
2.4723 -62.1112
11.8168 -62.7807
5.06336 -65.5598
355.363 -64.2012
347.395 -65.853
357.028 -67.8839
347.639 -69.6967
345.134 -40.7264
341.278 -41.5694
343.763 -45.626
339.447 -46.4201
337.305 -42.2889
333.219 -42.8765
335.003 -47.0609
330.442 -47.5407
342.68 -50.2669
337.773 -51.0368
341.746 -54.6919
336.103 -55.4506
332.725 -51.6116
327.56 -51.9848
330.298 -55.9603
324.378 -56.2157
329.031 -43.324
324.753 -43.6234
325.782 -47.8515
321.044 -47.9858
320.4 -43.7674
315.987 -43.7492
316.25 -47.9371
311.572 -45.8912
322.308 -52.1498
317.004 -52.101
318.4 -56.2126
312.3 -54.6555
311.691 -50.2808
307.094 -48.0517
307.003 -52.6195
302.484 -50.209
340.845 -58.9404
334.282 -59.6895
339.863 -63.0459
332.119 -63.7744
327.523 -60.1214
320.664 -60.232
324.14 -64.0986
315.797 -63.248
338.656 -67.0349
329.344 -67.716
337.004 -70.9265
325.324 -71.24
319.445 -67.3673
310.414 -66.2036
314.052 -70.5729
304.213 -69.0679
313.574 -58.9904
307.373 -57.1828
308.397 -61.7214
302.098 -59.6586
302.094 -54.9309
297.673 -52.3384
296.871 -57.1874
292.588 -54.4117
302.684 -64.3785
296.335 -62.0508
296.202 -66.9214
289.918 -64.3164
291.229 -59.3556
287.154 -56.396
285.058 -61.3938
281.298 -58.2526
31.632 -49.4092
29.1439 -54.1677
35.039 -51.5159
32.9431 -56.3889
25.7192 -58.4653
21.2641 -62.349
29.9203 -60.8683
25.7998 -64.9891
38.7876 -53.5303
37.2004 -58.4965
42.9246 -55.433
41.9918 -60.4659
34.7587 -63.1328
31.2409 -67.4706
40.3681 -65.2264
37.8451 -69.7481
15.5784 -65.8349
8.36031 -68.9022
20.2469 -68.7567
12.7026 -72.1343
359.242 -71.4871
347.927 -73.478
2.3384 -75.0199
349.471 -77.2516
26.1869 -71.5153
18.6984 -75.2274
33.9343 -74.0476
30.8415 -77.7667
9.67503 -78.4258
353.879 -80.9013
23.6003 -81.2759
5.93476 -84.287
47.4974 -57.2002
47.3946 -62.2651
52.5488 -58.8029
53.4753 -63.8534
46.8884 -67.1029
45.9054 -71.7507
54.4374 -68.7009
58.091 -72.2946
58.1096 -60.2075
60.2718 -65.182
64.1879 -61.3759
69.0353 -64.4641
64.8413 -68.5258
70.1506 -71.8087
74.4537 -67.4896
80.7923 -70.4208
47.2926 -75.5241
48.1665 -79.2608
62.4107 -75.8457
68.2296 -79.3404
47.9859 -82.968
43.7695 -86.6364
77.8424 -82.7201
99.7337 -85.7224
76.7929 -74.9994
85.8744 -78.0264
88.5728 -73.2006
98.5668 -75.7282
99.5377 -80.7235
121.23 -82.7033
111.772 -77.8298
128.889 -79.2338
334.761 -74.6621
320.56 -74.7147
332.481 -78.3663
314.254 -78.1186
307.45 -73.683
296.768 -71.7882
298.757 -76.6296
287.476 -74.2765
329.873 -82.0479
304.492 -81.3821
325.722 -85.7093
285.845 -84.2683
286.431 -79.2699
275.588 -76.3881
268.184 -81.3068
260.526 -77.905
288.661 -69.291
282.67 -66.3988
279.728 -71.4025
274.421 -68.2249
278.25 -63.2512
274.956 -59.9367
270.722 -64.8667
268.083 -61.3974
269.104 -73.1386
265.065 -69.7047
256.719 -74.3533
254.648 -70.7379
262.44 -66.1709
260.676 -62.5792
253.47 -67.0907
252.791 -63.4262
294.798 -89.2568
246.192 -85.8846
156.792 -86.9196
201.326 -84.8422
243.183 -82.2322
242.77 -78.5675
217.134 -81.65
224.555 -78.2119
151.253 -83.2816
178.999 -82.1274
148.859 -79.6328
168.256 -78.8999
197.283 -79.8014
208.56 -76.9045
184.102 -77.2134
195.928 -74.8769
243.006 -74.9001
243.465 -71.231
228.998 -74.6884
232.061 -71.1237
244.004 -67.5604
244.559 -63.8879
234.36 -67.5342
236.179 -63.9274
215.925 -73.7313
221.087 -70.4094
204.602 -72.1339
211.076 -69.136
224.922 -66.998
227.895 -63.5274
216.04 -65.9717
219.947 -62.6932
