1.329834617728593571e+02
9.091014669215661570e+01
1.135304268529029343e+02
8.059443536281482068e+01
6.557837293448648097e+01
5.419373539224356762e+01
6.452047276567016354e+01
5.427413407334418594e+01
9.188848771842633312e+01
7.305051360639571101e+01
7.575154194832734333e+01
6.390480246547382137e+01
6.149933774901926142e+01
5.281544434689191547e+01
5.566877474907796142e+01
4.836647421457924167e+01
4.669647998336431272e+01
4.071331658658230168e+01
4.471805891870689464e+01
3.848035392697269685e+01
3.435331000328576323e+01
2.937568326491587101e+01
3.350103286213010989e+01
2.913731403017738941e+01
4.326535482832112933e+01
3.612743734883548541e+01
4.079747962564695740e+01
3.459437233738087514e+01
3.106645008695236498e+01
2.732240962274075002e+01
2.989074212992507640e+01
2.622107034922548507e+01
6.862394605083386523e+01
5.944489027050538965e+01
7.303449007065118792e+01
6.772441926770399334e+01
5.141362684688856888e+01
4.500590961636742549e+01
5.687636744473162054e+01
4.687086204572656101e+01
6.822603302438122341e+01
7.298273992541220423e+01
5.551366380674347312e+01
6.232566694361117499e+01
6.657574045985266764e+01
5.339774257819414061e+01
6.566824509332859350e+01
5.904938788465660338e+01
3.992756781399413768e+01
3.480827304044223780e+01
4.041221581377481442e+01
3.528126055700579400e+01
3.027380275746532590e+01
2.727639071127797621e+01
3.153278546076592193e+01
2.894245202719496390e+01
4.327135923329542067e+01
3.607371013438555707e+01
4.831009169377779955e+01
3.887223401655965915e+01
3.253164643212878104e+01
3.054338703564117452e+01
3.361019157741596786e+01
3.165886611762739022e+01
2.536753809950101868e+01
2.266218878412648152e+01
2.555608543246468045e+01
2.334820521541374916e+01
2.257314007569436143e+01
2.375004260389913568e+01
2.271616580050983814e+01
2.330883694395223671e+01
2.447363827463339803e+01
2.301692007632184200e+01
2.360496910367633916e+01
2.247083114577900176e+01
2.240323236973882359e+01
2.240837209875691372e+01
2.169468332017554957e+01
2.139440418490450924e+01
2.468750307966150359e+01
2.544011918465672650e+01
2.432173392402684442e+01
2.474906743287082378e+01
2.550698379776747160e+01
2.456307690464545601e+01
2.444854781472093208e+01
2.388221399525473387e+01
2.302667452351042954e+01
2.303565614758276325e+01
2.142916174888319958e+01
2.123280102174510020e+01
2.320661295916500322e+01
2.295072523690295441e+01
2.177841225874963627e+01
2.161900364645816452e+01
2.458792783794543269e+01
2.267942516598880687e+01
2.608698967564670923e+01
2.405370770621857801e+01
2.193090864659384565e+01
2.158987163637184636e+01
2.319224326685839799e+01
2.231101961408575107e+01
2.749451203964299140e+01
2.536227712471783846e+01
2.857048098876875386e+01
2.622838710801631734e+01
2.441361018639916836e+01
2.294442094266035781e+01
2.530874833501510324e+01
2.352049131238947410e+01
2.092413017989176538e+01
2.027339015004039879e+01
2.101938501335890308e+01
2.005057354224120658e+01
2.048907933334965392e+01
2.029326668395940914e+01
1.957679423021590281e+01
1.940965097602462919e+01
2.106626369352995098e+01
2.021471549310111371e+01
2.142784087142018379e+01
2.045253424185022695e+01
1.935185142130774238e+01
1.888324176186469217e+01
1.921905812918954481e+01
1.831016878109979018e+01
4.841667772678599846e+01
5.278726836872974104e+01
4.583494200008045993e+01
5.044349907035692837e+01
5.899197761434951559e+01
5.770520315466114880e+01
5.253834049648139626e+01
5.103880884206731139e+01
4.272908146351066705e+01
4.484951441765787905e+01
3.710815671319350173e+01
3.769145335793874096e+01
4.708939367484176586e+01
4.817884540876245580e+01
4.157530494748142758e+01
4.542504849130197897e+01
5.280889003900265521e+01
4.507073708973076975e+01
5.282049603403756777e+01
4.934306201379237677e+01
3.736212726185974731e+01
3.356163024451982579e+01
4.246463097112281559e+01
3.775150500530759246e+01
5.014577191131846234e+01
4.865200884146898375e+01
4.627789360005144204e+01
4.513652829081240014e+01
4.607590380133599695e+01
4.255663389397184204e+01
4.445664018210037938e+01
4.275042360698869714e+01
3.389875250926158401e+01
3.496558926768503994e+01
3.168545820862184925e+01
3.328299780108519457e+01
3.771441221477402195e+01
4.168184127446301801e+01
3.588372126661543859e+01
3.810477675841577394e+01
2.949255590942828320e+01
3.128300387584147302e+01
2.824019368744761138e+01
2.969484338552634739e+01
3.349419129679468199e+01
3.494409965370147120e+01
3.131300371230949153e+01
3.190794893879543892e+01
4.199241504637736000e+01
4.071573804317159784e+01
3.817365601134681441e+01
3.780271807082106506e+01
4.053763488550461602e+01
4.097457431943834649e+01
3.722535867784040420e+01
3.805425776864404952e+01
3.536439000087028717e+01
3.419763021490280153e+01
3.114131846028429607e+01
2.970245879316485471e+01
3.385964702636957213e+01
3.506142542019031794e+01
2.978625967790958740e+01
3.104969865413589858e+01
2.970032382745405641e+01
2.649581943338881374e+01
3.195156442566106492e+01
2.696254607387317748e+01
2.487241907729434232e+01
2.329643170161191890e+01
2.411604973808084296e+01
2.264893925181591072e+01
3.542674342272944443e+01
2.884343369677513280e+01
3.829233278487025416e+01
3.262467917005817242e+01
2.463450745424758281e+01
2.252895270553007734e+01
2.710346010482506429e+01
2.322917486736442072e+01
2.176113480487538965e+01
2.040810372469973544e+01
2.168265188448880565e+01
2.037281000323370606e+01
1.908958002956772404e+01
1.780514801409833225e+01
1.916337385756245482e+01
1.775749120147976257e+01
2.132658086342734904e+01
2.049634459885799131e+01
2.140839183121827460e+01
2.067983209056946947e+01
1.930158288814353185e+01
1.803500207852452419e+01
1.966280993457182902e+01
1.866220007651296697e+01
3.940834145961121493e+01
3.534523094868857385e+01
3.829771591517503282e+01
3.609224178058043009e+01
3.004927762755983167e+01
2.489316699115105536e+01
3.199623419508490230e+01
2.676347165439090148e+01
3.660172988236145386e+01
3.696276918141078482e+01
3.314047214985845358e+01
3.466814425044783832e+01
3.353375610741206714e+01
2.810149167467857012e+01
3.337318415904552893e+01
2.914852619910355713e+01
2.205546147477169328e+01
2.098311106595787834e+01
2.280318766890254167e+01
2.141521850575640329e+01
2.035967543117164880e+01
1.943467109449108676e+01
2.101954342041253909e+01
2.003472681966650981e+01
2.335423561254474478e+01
2.133601559731804542e+01
2.365111678757863700e+01
2.123826074177218359e+01
2.107529966482703188e+01
1.990842389368686227e+01
2.051986939518605269e+01
1.964553078120955476e+01
6.206008714943300930e+01
5.246817394198439644e+01
5.496172068811853251e+01
4.882905422057365286e+01
4.613431020514190806e+01
4.262295044186902970e+01
4.318527383655192864e+01
3.862857314887435223e+01
5.038201883854115692e+01
4.542167033709468171e+01
4.506805024887458444e+01
4.077380348163359258e+01
3.908117442902609895e+01
3.388573143059663551e+01
3.527109116682889578e+01
3.123825242203361441e+01
3.937684794242733233e+01
3.651619080313753329e+01
3.528558613938371025e+01
3.335841314813476544e+01
3.429494910287024823e+01
3.220410968012564012e+01
3.205765100594152273e+01
3.048195409120462074e+01
3.125975483446051228e+01
3.054103844911826471e+01
2.887026406751238738e+01
2.779548897228594129e+01
2.974495929211738954e+01
2.780174529047653920e+01
2.656113415940030009e+01
2.420562620396170317e+01
4.078393726148004816e+01
3.735051132250080030e+01
3.702330748074927413e+01
3.438858238555478408e+01
3.260657939132974548e+01
2.870622438514900665e+01
2.935178781968799200e+01
2.501952293286585771e+01
3.263506074390007683e+01
2.997398751879951462e+01
2.818956648819686350e+01
2.539102719042663026e+01
2.596031908135444866e+01
2.308081712416234055e+01
2.331163802250472727e+01
2.298898215870465478e+01
2.610972966368517234e+01
2.457107636711434751e+01
2.280927844161605833e+01
2.160562017365315413e+01
2.242265427606642803e+01
2.062720926634050045e+01
1.962069331061794131e+01
1.900134838586125596e+01
2.185056334154059599e+01
2.070560323240074041e+01
2.216780538193582117e+01
2.082855641569335958e+01
1.893581629023286794e+01
1.859343493533680203e+01
1.954807163758586341e+01
1.968098849915022086e+01
3.010589832204950866e+01
2.873300399103492708e+01
2.883584451236792034e+01
2.792711986878899566e+01
2.741351256967935512e+01
2.545597252191929272e+01
2.722821588940620074e+01
2.578650622923800739e+01
2.648103817728534892e+01
2.700487711533020629e+01
2.410458737255866524e+01
2.577975875011134477e+01
2.720236328771183310e+01
2.584237857127858007e+01
2.612080739244513694e+01
2.482961543990468556e+01
2.353657354666309942e+01
2.051327585537578102e+01
2.337381153884044238e+01
2.015997576269831271e+01
1.747920470975202534e+01
1.611444843570573227e+01
1.769224939303969890e+01
1.588835479881508839e+01
2.299363172594268434e+01
1.990371002721563798e+01
2.213861969554429621e+01
1.898636921470423644e+01
1.707362682081961935e+01
1.531591602535746865e+01
1.612980847015287722e+01
1.505707599348727044e+01
2.208440064556984339e+01
2.440386619640008092e+01
2.060794164842324605e+01
2.322405754535000000e+01
2.488838486116386761e+01
2.357197850253457716e+01
2.354123376721833338e+01
2.203920591853648148e+01
2.033320295797728505e+01
2.218224640920033153e+01
2.097534169402376492e+01
2.147037265340532031e+01
2.213603761586977825e+01
2.110145390332295889e+01
2.103176535742380793e+01
2.029829330897536011e+01
2.094004066922730090e+01
1.783325549593380188e+01
1.976997918049972114e+01
1.702257303805023980e+01
1.567378714974740461e+01
1.499374641106891204e+01
1.557062054268761386e+01
1.510299486957243786e+01
1.901938436058894411e+01
1.674082118309058487e+01
1.849268342473217075e+01
1.663763925892277484e+01
1.570363828568922848e+01
1.590344923503447916e+01
1.620795161837467546e+01
1.677226178765734943e+01
2.458554760921522231e+01
2.258964873889965119e+01
2.359547087402989973e+01
2.207054977138595220e+01
2.221599599092579425e+01
2.285700141405905939e+01
2.202005089786960212e+01
2.239501009802509301e+01
2.370690039673021232e+01
2.225542678260572060e+01
2.436526645509697175e+01
2.318753694994478209e+01
2.172035714619810420e+01
2.187263746011698728e+01
2.225815629004464924e+01
2.244004252399001942e+01
2.173372439853986293e+01
2.047946265818524836e+01
2.159493531103657915e+01
2.015739053811478243e+01
2.001870082022867336e+01
2.042073685371578762e+01
2.005506374263919156e+01
2.045995437691318486e+01
2.177955772691371550e+01
2.068585565822549555e+01
2.201138874745214480e+01
2.091756338082049638e+01
2.053945344799072004e+01
2.038971991613359691e+01
2.074463409345632670e+01
2.079197240491720677e+01
2.610899304491871220e+01
2.528148585465984510e+01
2.768624947112092727e+01
2.665886024930052400e+01
2.426391320576355781e+01
2.354455776938753075e+01
2.499979631828201576e+01
2.371274562755605331e+01
2.708570748183718990e+01
2.608135585750533991e+01
2.485907094653140703e+01
2.392112510964307504e+01
2.467171680992820626e+01
2.347255141753034380e+01
2.275765534018783853e+01
2.147677165591018422e+01
2.210856085215206690e+01
2.080717993428395118e+01
2.282061341072116534e+01
2.157582877588521342e+01
2.060389372407385977e+01
2.052302356225456492e+01
2.060401051849892795e+01
2.028123286901631062e+01
2.227556959889513521e+01
2.091247842452095895e+01
2.082947644563911993e+01
2.056500392250937992e+01
2.059620659079905280e+01
2.044310932287106297e+01
2.038948735208778373e+01
1.919055865288967055e+01
2.075803034277866033e+01
2.062637258097983661e+01
2.038800692322141828e+01
2.032080528792776519e+01
2.018255023153323791e+01
1.955605818176428556e+01
2.000373227273342280e+01
1.932736532282550002e+01
2.028363073786833581e+01
1.976434610752248489e+01
2.010097617216217714e+01
1.906685058775106612e+01
1.930862253940309259e+01
1.891017898931143648e+01
1.865197709222408307e+01
1.839555564569272406e+01
1.811130088443477959e+01
1.668520218469639005e+01
1.800017589653788264e+01
1.756248329658738072e+01
1.681586027114058979e+01
1.757333112303613731e+01
1.815736026303846273e+01
1.876459765800915847e+01
1.826562107969384030e+01
1.854241066060358278e+01
1.797425807173797452e+01
1.797497649103588557e+01
1.887972725519714601e+01
1.936512714579690808e+01
1.832551159084111347e+01
1.884257948329740273e+01
1.990190123198937755e+01
1.947778278913725813e+01
1.964281608120485600e+01
1.886132764666475481e+01
1.925088318861066838e+01
1.873199263875996223e+01
1.877648867949014999e+01
1.881709663974416813e+01
1.909589590916819901e+01
1.836280698245933252e+01
1.800402809788842973e+01
1.782187592119575115e+01
1.859640547583088832e+01
1.858209461036893373e+01
1.780733751204110149e+01
1.784949119923722449e+01
1.779463002612607170e+01
1.761221739845733225e+01
1.826383301197569509e+01
1.819251840401405573e+01
1.786365457568898307e+01
1.803664558166168064e+01
1.800185033858214467e+01
1.775041880576738507e+01
1.822656774428583049e+01
1.788559348685171813e+01
1.793183712818113662e+01
1.800602859812824974e+01
1.761516911419699127e+01
1.768149022233215462e+01
1.811781485328348751e+01
1.847087115951299197e+01
3.093612848941873850e+01
2.777865603697857466e+01
2.779440348424699181e+01
2.588407110567474945e+01
2.518626005456985339e+01
2.230421550860432234e+01
2.275083058035701811e+01
2.009678588838472635e+01
2.325603137141417065e+01
2.206933184858015551e+01
2.140841529003898458e+01
1.977234672218790834e+01
2.025700131011015870e+01
1.838252280984934117e+01
1.820053749574300639e+01
1.713680523686220880e+01
1.997838103102433749e+01
1.940550131397478850e+01
1.864870651378928557e+01
1.866792419749045351e+01
1.813793021759865098e+01
1.678373636843919314e+01
1.759756861122207638e+01
1.675705410862944689e+01
1.727970340715573982e+01
1.711137447154507285e+01
1.646109210062130046e+01
1.576017652240816247e+01
1.589471361732704402e+01
1.532358805460800433e+01
1.471540309644863953e+01
1.407887083406896167e+01
2.086249782985984424e+01
1.902389143683912920e+01
1.978670973017223034e+01
1.826053698711343642e+01
1.763128339269223943e+01
1.689478770308753752e+01
1.723726719549315334e+01
1.652820578340690005e+01
2.019811939421902380e+01
1.837082103191528049e+01
2.239774634037613055e+01
1.949916940867135295e+01
1.698301774486392901e+01
1.580154549488313798e+01
1.724872162908868845e+01
1.577809608591843116e+01
1.584052062095896574e+01
1.471108310182093248e+01
1.523970201947980385e+01
1.431160794731731656e+01
1.391624300232181710e+01
1.378188212318244865e+01
1.368804116123223125e+01
1.372968765048517881e+01
1.491862493947482626e+01
1.409123366647945019e+01
1.517634978025323278e+01
1.414348762011435667e+01
1.353515088211106132e+01
1.401906844564603993e+01
1.378515902184848585e+01
1.478691804527245246e+01
1.718483706596441962e+01
1.943281082790715431e+01
1.746039440720305080e+01
1.893283330871878789e+01
1.931131376966942881e+01
1.854932928696219818e+01
1.932911843036869115e+01
1.912872674309691945e+01
1.629949892887105989e+01
1.805497138194584039e+01
1.497254234887742896e+01
1.698327007158808399e+01
1.893964512358899555e+01
1.885844488220943660e+01
1.771758374958748661e+01
1.740401591038956752e+01
1.840115289916349539e+01
1.915692495701099674e+01
1.880310296886983323e+01
1.884575813685676948e+01
1.985982447358550829e+01
2.024308654988992373e+01
1.924582646949966502e+01
1.969376379664068111e+01
1.867598041486747817e+01
1.857607517017064680e+01
1.811352703445137990e+01
1.830996907448695765e+01
1.888168511624189705e+01
1.929363249604617891e+01
1.840616524960279676e+01
1.945269707734815157e+01
1.458777206990635023e+01
1.598893673574366048e+01
1.471896414565244982e+01
1.547842245254207683e+01
1.608174636668775292e+01
1.582102191990513873e+01
1.482961236633074975e+01
1.528857707139013300e+01
1.514076109080862942e+01
1.483744656630914349e+01
1.559354364482045519e+01
1.498108528441083820e+01
1.444868171361824771e+01
1.526381111202922902e+01
1.500869718696364252e+01
1.558151621236181938e+01
1.749020911544794998e+01
1.771978777691687768e+01
1.694133516642787640e+01
1.728301656271927556e+01
1.803492523842996320e+01
1.957943101947922671e+01
1.782387591391072235e+01
1.925348185688319091e+01
1.674355581935477844e+01
1.724009502185196752e+01
1.667620857905793486e+01
1.758412566227561413e+01
1.789747752986699680e+01
1.865794524481685457e+01
1.802967666556418180e+01
1.834904242530187446e+01
2.327525536379211957e+01
2.024069057077214140e+01
2.195336294016071577e+01
1.985540764049203588e+01
1.768875697515879608e+01
1.625098276674455278e+01
1.732622606982149804e+01
1.576600797861917513e+01
1.990689537498074202e+01
1.830962173897913559e+01
1.834667397259776322e+01
1.655337689777668686e+01
1.604279879697054767e+01
1.474370866657627133e+01
1.482781669865988228e+01
1.414003271753258062e+01
1.568942422703044492e+01
1.479416636857336975e+01
1.556216075939455834e+01
1.546387741733239274e+01
1.462667478677299293e+01
1.570170316711184455e+01
1.537995393797769061e+01
1.665900400595023001e+01
1.497675054896284763e+01
1.515295256639101851e+01
1.454679875708058745e+01
1.465354996645654140e+01
1.544702920138409041e+01
1.697057429784839755e+01
1.548762011951441053e+01
1.701317830290304300e+01
1.713051873745728315e+01
1.549397980582841683e+01
1.625804961423902029e+01
1.477172702923508396e+01
1.412548848303690008e+01
1.377562170218886095e+01
1.377703065955376793e+01
1.351082992755848800e+01
1.559730978496946818e+01
1.454149423735501578e+01
1.548450649294933790e+01
1.495685553633392928e+01
1.402907836608084757e+01
1.373745708432529966e+01
1.466089323730251870e+01
1.439030627758457825e+01
1.372618574527637136e+01
1.425228657246599084e+01
1.336574403975437697e+01
1.405317353640177203e+01
1.541129208101288128e+01
1.668516401238549207e+01
1.515448774997177850e+01
1.632304362400217101e+01
1.367126875899117344e+01
1.418420658834548043e+01
1.434262179025743933e+01
1.492183477835901151e+01
1.525778915177548001e+01
1.675655195036075895e+01
1.618565671545298557e+01
1.711801463155622827e+01
1.603245886332751269e+01
1.563881045293845773e+01
1.706350620913005045e+01
1.714233883219450405e+01
1.595415308995069736e+01
1.640543305821230291e+01
1.737287209469115368e+01
1.755273120811150989e+01
1.812829818216521005e+01
1.820972022308155047e+01
1.822960998061510907e+01
1.798330389867338752e+01
1.800701962645064924e+01
1.815811392288651049e+01
1.796959957472830993e+01
1.834704619026370409e+01
1.700000302106420591e+01
1.814555417338221233e+01
1.767019045722280168e+01
1.907464292812986884e+01
1.843394834333896881e+01
1.844327734426391530e+01
1.892572118504390133e+01
1.876996097291084808e+01
1.837604086599547415e+01
1.934642853079712310e+01
1.881829726429594984e+01
1.920714928838664548e+01
1.895567145984598767e+01
1.895700996933762639e+01
1.884640583064390640e+01
1.862235365386881014e+01
1.741309609403591807e+01
1.739559564703256811e+01
1.694791001073421555e+01
1.686543808082933893e+01
1.777341700862316287e+01
1.873636703720025309e+01
1.742246218048761719e+01
1.884575183902344619e+01
1.712942687011114629e+01
1.671569607617920283e+01
1.734088148795063589e+01
1.815003985377449069e+01
1.770637646761343120e+01
1.891265751552796104e+01
1.902780506168729957e+01
1.910745552435473016e+01
1.931642168970126150e+01
1.979919854859964445e+01
1.941351828318870432e+01
1.990166420316212736e+01
1.925777994718082198e+01
1.857784905951098509e+01
1.932755722553863720e+01
1.888333983097830426e+01
1.951667898872876705e+01
1.932104700910054618e+01
1.863676283916204568e+01
1.802516869804887989e+01
1.868443956535589834e+01
1.889243185424104610e+01
1.811645509500903728e+01
1.887763475083939824e+01
1.274668795704972268e+02
8.942071204814527619e+01
9.052570987011090153e+01
7.054730349255281396e+01
6.967614487105586818e+01
6.684548814695598651e+01
6.093227352100255700e+01
5.557354441747674656e+01
5.968921360444547020e+01
5.565307058449855759e+01
4.678491497948325417e+01
4.681485760119696948e+01
5.541882352099182896e+01
4.968780680838860775e+01
5.318276364332813699e+01
4.766139910376712407e+01
6.674305985697053245e+01
6.549120202876072483e+01
5.524524090828818856e+01
5.644689241060110874e+01
6.084618475897753598e+01
5.032230230585640385e+01
5.245633610766588362e+01
4.421716620236716011e+01
4.735026869241956859e+01
4.793157741276198180e+01
4.232213762680346036e+01
4.162924892912413100e+01
4.348267622258524057e+01
3.807872220969445465e+01
3.853040458920113309e+01
3.589130482328872063e+01
4.064902078544860586e+01
4.413047086684127152e+01
3.277612271155039281e+01
3.339220841878965729e+01
6.704093038140936756e+01
6.130389420596429062e+01
5.070532854055239369e+01
5.731256725341459202e+01
2.708562129617245517e+01
2.596543976737051196e+01
2.344154706349236861e+01
2.353562354715477767e+01
2.897040120433318222e+01
3.449193844634775274e+01
2.554682344435892460e+01
3.000257741224041652e+01
4.165608738743708273e+01
3.901487305955343743e+01
4.126503986993390072e+01
3.887271051585248216e+01
3.862605519660383635e+01
3.664262220308864926e+01
3.800304067204189806e+01
3.406843048626758730e+01
3.688410801873884992e+01
3.739691507912755242e+01
3.452259335128789530e+01
3.257587843402073702e+01
3.365519114663849365e+01
2.950454697139800686e+01
2.925711565343295106e+01
2.735754992815163433e+01
4.385291601954056517e+01
3.992724627269409865e+01
4.004870014780723864e+01
3.724816961780155822e+01
3.578514231573586812e+01
3.506016341528351177e+01
3.554755880460865569e+01
3.555023427580680107e+01
3.612593608230001507e+01
3.492991299822919871e+01
3.500934840387858316e+01
3.356429180108141708e+01
3.400781762723013202e+01
3.326787043595950877e+01
3.191977715082532185e+01
3.035404124807511650e+01
3.671549058123603260e+01
3.543570809194441296e+01
3.587834442260813006e+01
3.430200634518089942e+01
3.253946355993917905e+01
2.970177398675365765e+01
3.192223721834409034e+01
2.962431363518593841e+01
3.258684460158018936e+01
3.160181983954394980e+01
2.976130896078737820e+01
2.979299110606459067e+01
3.089808741660765179e+01
3.004875834928053280e+01
3.023668950985908666e+01
2.974369439013352689e+01
3.409791925100670085e+01
3.144491400922635904e+01
3.020628592424952075e+01
2.773183522241432186e+01
2.954396327887765139e+01
2.855415957525590542e+01
2.691179674910972253e+01
2.736372271840762949e+01
2.660919938616416758e+01
2.492712353836670403e+01
2.496637580392526701e+01
2.369067059729583846e+01
2.491849604153560449e+01
2.558957139711688100e+01
2.383778658512486359e+01
2.382868769173092005e+01
2.862907021102607885e+01
2.844699070858671419e+01
2.720912313477790079e+01
2.643745984576347752e+01
2.856057619577492801e+01
2.875514096172699752e+01
2.645220067651055729e+01
2.713238994913375990e+01
2.549601432025281866e+01
2.484775538441336806e+01
2.367355511500506182e+01
2.356882760368604579e+01
2.495675886157342660e+01
2.665331692039332268e+01
2.447050758243855029e+01
2.719412936994798713e+01
2.213899556908203081e+01
2.259202004316136581e+01
2.289553510353156796e+01
2.164450868837572628e+01
2.460351196312034361e+01
2.805887096430306826e+01
2.253192115518695005e+01
2.511027816561460213e+01
2.213445267665380101e+01
1.990491858170173600e+01
1.968561899529881742e+01
1.854617340732317388e+01
2.106832033170191565e+01
2.329687458326963423e+01
2.028579981904241336e+01
2.191807973956280975e+01
2.923657634455940624e+01
2.693636462539937071e+01
2.444402774827205960e+01
2.410060487572640398e+01
2.625333176881515129e+01
2.535711354647314764e+01
2.453630163636299955e+01
2.410091858197627701e+01
2.284169057851087814e+01
2.353839664442396895e+01
2.200077156731320827e+01
2.251993757776865479e+01
2.388179223552924313e+01
2.388358236120513567e+01
2.282457475704556416e+01
2.384958110772175033e+01
1.748190821319137456e+01
1.793133478338680575e+01
1.662414699724234879e+01
1.832354063185715276e+01
1.954644491329909428e+01
2.129044476130135877e+01
1.991770614267400319e+01
2.165057437731253387e+01
1.781500104375772509e+01
2.018057257156374362e+01
1.931353498359491638e+01
2.000326468928196277e+01
2.112398318525924168e+01
2.112779558628042054e+01
2.007168276569981558e+01
2.002988001040403176e+01
2.207285938617071253e+01
2.213688880988419072e+01
2.246738450927368191e+01
2.235838640048923764e+01
2.272271509590752459e+01
2.465714081174404981e+01
2.335970868935077149e+01
2.563334172399316557e+01
2.101343144763497861e+01
2.090376931052436404e+01
1.979483498016861276e+01
1.907164326402618926e+01
2.132430130555141190e+01
2.212490242143183750e+01
1.822142351219637391e+01
1.779440244102736912e+01
2.349536504230698597e+01
2.314358349633676681e+01
2.343953323449766657e+01
2.317821180696311600e+01
2.306900532748691290e+01
2.283035372071214297e+01
2.289929435451639961e+01
2.294754324963185610e+01
2.392888109504184158e+01
2.366860482493082429e+01
2.488974087587147466e+01
2.498869877842218301e+01
2.372151892594487421e+01
2.372632570833910748e+01
2.488427411257298516e+01
2.502813235958283045e+01
2.282010412807111877e+01
2.319657523931780574e+01
2.307855353152709554e+01
2.366063490140417258e+01
2.473982734822054752e+01
2.797455601814225190e+01
2.579832270821238893e+01
2.949790340652534226e+01
2.374707861853590529e+01
2.505366139350245902e+01
2.592560254703016653e+01
2.699955419376752275e+01
2.736180192737901251e+01
3.082147852297094559e+01
2.867329426045981577e+01
3.049868935409354265e+01
2.651850194160281760e+01
2.677949529451810662e+01
2.744507052158681759e+01
2.766219238700030658e+01
2.684211232336574682e+01
2.730690151544450828e+01
2.684121933283328687e+01
2.618699846973311551e+01
2.318276329065134789e+01
2.313696307083881365e+01
1.822111351638920951e+01
1.930297214848320309e+01
2.320862409007890648e+01
2.660267603043332230e+01
2.370720015447524887e+01
2.728969726757330960e+01
2.754898151045344790e+01
2.775337123070303136e+01
2.610195436935305224e+01
2.686097814510855031e+01
2.938894291049519225e+01
2.703603679662081305e+01
2.668085449450370206e+01
2.247720471185765234e+01
2.566622889567728549e+01
2.314233528770491333e+01
2.215826155502715622e+01
1.965125876800809124e+01
2.163918643764163363e+01
2.007108670388473115e+01
1.950684760318930699e+01
1.953369096493435464e+01
3.099417621595565109e+01
3.207826113166123605e+01
3.378164623200408556e+01
3.584181696253929772e+01
3.289217970495820964e+01
3.333431310884751753e+01
3.669489636889849749e+01
3.772864705024118592e+01
3.440174219765676611e+01
3.732721605165724554e+01
3.646761436352600327e+01
3.906960496289426032e+01
3.955756839869665953e+01
4.241499139896416892e+01
4.146046438250933619e+01
4.593276207584645476e+01
3.337727576232703086e+01
3.443726452243461722e+01
3.887772718625173951e+01
4.132701649429225910e+01
3.549871643060705395e+01
3.707748098583858365e+01
4.278900499649231648e+01
4.430665702105758896e+01
4.488919209710188341e+01
4.784685751576055424e+01
5.025276301907155130e+01
5.417954187380806275e+01
4.981928429985136120e+01
5.135396696601356581e+01
5.678869699306260799e+01
6.043062316089140040e+01
3.658752640033635117e+01
3.932138907634003999e+01
3.619112547567422666e+01
3.909629379059040133e+01
4.204724973702155921e+01
4.670269386953272317e+01
4.269502280513943759e+01
4.754606547017071705e+01
3.675324688705859444e+01
3.954508927253353789e+01
3.877810983899601638e+01
4.349147767543939835e+01
4.550698319879020914e+01
5.452244241422546622e+01
5.301952352256941481e+01
6.653649460984469499e+01
5.268996401642792904e+01
5.944205584777743212e+01
5.525578613671142847e+01
6.770931832329128497e+01
6.513124353297850178e+01
8.008361217754375616e+01
8.302056214992016692e+01
1.121854607895540994e+02
6.612489553033327638e+01
8.429756319585273161e+01
8.010722559158867284e+01
1.053621764434171553e+02
1.140266270298119053e+02
1.736348315754944736e+02
1.642498887592202266e+02
3.028427650238320439e+02
4.074901194791200254e+01
5.026943672504168603e+01
4.777206840429845869e+01
5.770842324792006650e+01
5.890709713795104818e+01
7.034508587702862314e+01
7.300076522197797146e+01
9.503819364081842025e+01
5.751013446426782139e+01
6.932622055739861366e+01
6.975614531036535482e+01
8.715016712890219708e+01
9.103502345472394097e+01
1.339850205265668706e+02
1.273941083111015899e+02
2.019329599318764110e+02
9.281881520828751775e+01
1.218909455740140118e+02
1.332196727961418503e+02
1.763006856689598294e+02
1.621818133948175955e+02
1.704896984135919240e+02
1.951142903963918229e+02
1.621417363380242875e+02
1.996654492266511340e+02
2.263974703154916881e+02
2.445159330461450224e+02
2.025421527717652452e+02
1.761693657949495275e+02
1.209354541092212401e+02
1.388673130819670689e+02
9.729273712882013569e+01
1.069228827597414551e+02
1.432612329869871246e+02
1.696358136875193736e+02
2.396396664444052647e+02
2.073446383622809037e+02
2.560455836236141067e+02
2.727508414133739620e+02
2.248375526562607263e+02
2.656375454424625673e+02
3.045041549147090905e+02
3.544436004393243707e+02
2.551331469479135308e+02
2.307850824776221543e+02
1.460133119736719323e+02
1.526155413685627877e+02
1.013668028034854274e+02
2.153271600323036523e+02
1.498715293642156041e+02
1.584401750317734923e+02
1.191561065252018636e+02
1.130168972687950344e+02
8.729217643957791495e+01
9.671479903864194227e+01
8.136652030978378036e+01
1.115702835939193847e+02
9.805885031223638748e+01
8.558456357424554994e+01
7.727351339542414621e+01
8.294821164534522495e+01
6.913202881924566157e+01
6.722315858012956369e+01
5.782615645763992518e+01
4.409254353600086773e+01
5.220722888295275510e+01
5.356203565661468247e+01
6.872405731677055485e+01
6.416948001390930756e+01
8.080663313546803295e+01
8.569057255616506552e+01
1.097585109823145615e+02
6.392973100537202669e+01
8.518954386684104918e+01
7.285499963123348266e+01
9.791256790100648288e+01
1.135179787826966304e+02
1.621671705561600731e+02
1.458696790239401082e+02
2.319198376296339177e+02
9.754559983926171185e+01
1.382748721658700219e+02
1.404746151776450347e+02
2.079119655388605565e+02
2.309611980487307505e+02
3.500614324424587949e+02
2.713519007378484957e+02
2.517756467443631436e+02
2.171528937313869108e+02
2.549119677130632056e+02
2.703441359008637619e+02
2.165314564318257737e+02
2.151894296644024678e+02
1.481752538250380269e+02
1.397550191113545281e+02
9.697749398521969511e+01
8.578003321547055293e+01
1.292893204318735059e+02
1.010153946024230152e+02
1.630848612888474065e+02
2.127197582912290557e+02
2.652994679210484605e+02
2.381270328128202038e+02
2.174038277325788044e+02
1.306972309779465320e+02
1.563314540609319465e+02
1.490967005799526817e+02
1.214873739553021039e+02
1.630629161299139582e+02
1.388676682699589264e+02
9.574454213210678688e+01
9.071239683724202507e+01
2.265397136277751997e+02
1.516770055590873767e+02
1.544496136085229523e+02
1.121146015772680187e+02
1.001680334751066681e+02
7.769244154179004624e+01
8.347483784783646854e+01
6.741048220544162461e+01
1.124190299751502664e+02
8.964895098411436436e+01
8.389553557111712223e+01
7.436741910211441109e+01
7.288640286882642272e+01
6.036612333272920949e+01
6.570093241885216173e+01
5.516615354910234714e+01
3.060608204935993513e+02
1.669823676111437578e+02
1.727595383753206590e+02
1.106844542233782107e+02
1.042051151558779480e+02
7.799620120885231245e+01
8.329159808832865508e+01
6.571905518704524241e+01
1.051835280034003972e+02
7.971252720360153887e+01
7.820513380970056971e+01
6.481950380539664991e+01
6.983550660080771877e+01
5.843453695100131284e+01
5.995095843860479334e+01
5.346013861657063870e+01
6.868969153174491282e+01
6.327122197922443547e+01
5.731798388992835669e+01
5.332391682231398988e+01
5.561756542497821698e+01
5.166372549116707091e+01
4.828431000398080641e+01
4.603466514316040303e+01
4.991199745554615674e+01
4.714035888379150663e+01
4.495618983121180889e+01
4.308462818438125908e+01
4.392095285777224234e+01
4.127295392592658629e+01
4.147553040629365029e+01
3.769031063183845731e+01
6.605191711302147439e+01
5.801191989806118698e+01
5.762555300692019244e+01
5.235869925987632456e+01
5.347449898025319470e+01
4.852419682213694330e+01
4.812437007929567301e+01
4.303237250683955040e+01
5.146704261085952226e+01
4.745585880785519350e+01
4.721574588534003425e+01
4.309904425255328420e+01
4.303888804004584046e+01
3.793098216318401228e+01
3.846299446495140018e+01
3.530807834453697325e+01
4.091000141999716533e+01
3.982604062768936615e+01
3.761903209315059371e+01
3.724266690773025346e+01
3.851878934464851767e+01
3.508923792771683026e+01
3.534213438873125313e+01
3.264553423893502782e+01
3.571477997585810726e+01
3.584537241430672339e+01
3.561938311852509287e+01
3.532691452007486532e+01
3.396701996135675472e+01
3.118951648752783967e+01
3.307515757574753934e+01
3.033399343588602193e+01
2.353938581932952445e+01
2.206459133801744343e+01
2.476496930518044692e+01
2.264201757656447711e+01
2.234438492097631013e+01
2.410196594517383062e+01
2.238903294559678869e+01
2.376933493351237558e+01
2.718976953152498410e+01
2.494018642960380205e+01
2.972397387135849200e+01
2.824660529914062579e+01
2.393672946106628885e+01
2.440032109252600989e+01
2.651078914682972254e+01
2.629046518037977265e+01
2.565219152754766085e+01
2.617513627491388206e+01
2.562957242404169378e+01
2.711507626216114630e+01
2.676564169497670065e+01
2.739557259119591848e+01
2.866874514416413433e+01
2.999450124186827082e+01
2.620710331991498876e+01
2.897705189112329549e+01
2.832858859778345106e+01
3.168094430877374634e+01
3.087330068309869091e+01
3.183090211500006816e+01
3.276251202911738858e+01
3.242098315837211686e+01
3.051139997403604198e+01
3.001288752881437105e+01
3.025573829923269287e+01
2.967527383654916306e+01
2.859643528989982286e+01
2.849870495180062235e+01
2.861434367109598753e+01
2.852847442477547446e+01
3.017098399703255041e+01
2.987003288604572049e+01
3.165337623341540763e+01
3.169007814314291949e+01
2.953635912395790442e+01
2.985275491773380807e+01
3.176352487642910560e+01
3.353023334315612658e+01
3.085615600411320969e+01
3.377905264976148914e+01
3.121214832899535097e+01
3.511008377352634824e+01
3.489200715366983729e+01
3.444579817493877982e+01
3.876660262721189554e+01
4.140789932240187454e+01
3.289247346614764922e+01
3.728891298423089751e+01
3.716225306458969158e+01
4.421042557636308601e+01
4.176710493281257186e+01
4.778094988070650118e+01
5.062181474286542482e+01
5.582840342009076551e+01
2.785918557863431033e+01
2.922319649840057565e+01
3.034043682986869683e+01
3.172595352062462126e+01
3.407874817823521596e+01
4.043949534691267189e+01
3.850544039211761316e+01
4.676886565200666723e+01
3.231414618715292875e+01
3.557447360071652298e+01
3.316671282227468964e+01
4.055515414535692287e+01
5.471401434782484330e+01
7.350947342860108336e+01
9.255113438005955118e+01
1.652988278758105025e+02
4.400805727287085034e+01
4.843180450168607365e+01
4.989844685269768831e+01
5.345530245973029793e+01
5.455846585108479729e+01
6.194805642595811435e+01
5.846225768653315669e+01
5.864013569471075726e+01
6.003692185864143482e+01
5.785772001588413360e+01
9.036897521117262500e+01
6.162587100670194928e+01
5.821503877844752139e+01
5.451769915398184452e+01
5.686698654885208271e+01
4.938713998469919630e+01
3.582740614391281753e+01
4.441518146727766236e+01
4.410439957187457338e+01
5.099193242378592572e+01
7.461799866558764904e+01
1.214885557376476015e+02
6.125313497036718502e+01
6.710172446577813332e+01
5.584671162158371516e+01
6.060097105058184752e+01
6.774530816293756175e+01
6.887790965945096389e+01
6.128720039349111914e+01
5.699763781682045760e+01
5.873639832637251601e+01
4.809852786591192597e+01
8.372209164334705633e+01
5.720950356804220860e+01
6.100542676249510521e+01
5.063836747756194256e+01
5.128758399113387867e+01
4.468372039005386398e+01
4.390379323225004526e+01
3.936131750889444447e+01
5.196254349944564410e+01
4.487819703953100969e+01
4.212559135923901010e+01
3.778294362074007040e+01
3.909803517522809813e+01
3.518430655165134624e+01
3.421178370902570975e+01
3.154716719353400833e+01
3.327991436456635910e+01
3.483912319038712724e+01
3.267059275534166574e+01
3.581767942429948448e+01
3.648156758862374005e+01
3.916251709561055350e+01
4.076353967737783535e+01
4.755600452786549681e+01
3.398022112384158788e+01
3.828188370774429217e+01
3.861915035280389219e+01
4.399577166416765550e+01
4.563741719596740154e+01
5.718844613173113345e+01
5.467084334751071850e+01
6.772417492842966169e+01
4.425839287831448843e+01
6.199004294457515130e+01
5.862333875729151345e+01
9.889504104487055258e+01
8.166285766530580759e+01
7.882360607268498143e+01
1.347931152923855507e+02
1.050411039484418438e+02
7.466945112287180564e+01
1.172559394852264063e+02
8.064985421498599294e+01
9.898320657059312566e+01
1.624756155513265696e+02
1.126021812446611960e+02
1.581245818087865302e+02
1.081527096320354104e+02
4.514365503727165674e+01
5.251254656932885467e+01
6.143705389004923489e+01
7.224361166901583431e+01
6.656260708040058205e+01
7.285028964566232901e+01
7.727882556583514884e+01
6.828169707245659481e+01
1.029349153314511653e+02
1.000664959722778491e+02
1.387492655599431828e+02
1.047214977811887024e+02
7.663395847653067960e+01
5.700196029864702041e+01
6.852771161750419537e+01
5.312578137647424370e+01
7.042960603715695811e+01
6.306454095051058317e+01
5.525978295328808088e+01
4.364388730917271175e+01
7.924138767162901331e+01
6.434793368930888846e+01
3.716204725080219617e+01
3.373831877182148276e+01
4.699983913321187146e+01
3.976696578877198363e+01
4.655849517922855085e+01
4.024383284018756513e+01
3.334834465840630457e+01
2.987627794522504132e+01
3.322976612103018823e+01
2.881222545969086113e+01
7.684174180336952986e+01
6.703942925337358361e+01
7.751781090465058810e+01
5.798478895451837900e+01
4.941646724012459657e+01
3.914294300699912554e+01
4.099256600635424519e+01
3.328441401210278627e+01
6.711406208597284717e+01
4.729671578858450687e+01
5.258049163423950745e+01
4.075112783150687079e+01
3.733729522301118209e+01
3.141171014348121560e+01
3.681270946005010813e+01
3.285117962236969191e+01
3.429430250852739448e+01
3.141263860576758304e+01
3.017348272424856503e+01
2.808064560765297912e+01
2.936410599230711682e+01
2.747803927128198609e+01
2.690228151551656666e+01
2.558064981800274040e+01
2.843751323868711012e+01
2.718530282393281183e+01
2.950802025882074275e+01
2.847415059451732233e+01
2.632714094554185635e+01
2.526946851697044849e+01
2.781110648684408559e+01
2.603316425931992839e+01
3.958861003548635438e+01
3.594330000754780485e+01
3.221612914921054482e+01
3.252117971328912205e+01
3.505068699627600637e+01
3.418497389998913860e+01
3.194597817183000288e+01
3.201042788423039553e+01
2.856815778531864325e+01
2.859245983039829397e+01
2.589108491646607391e+01
2.415413312567859094e+01
2.828234531539294139e+01
2.776213891383037335e+01
2.417885579722291212e+01
2.451090874074790094e+01
3.232697831358330376e+01
3.078082387745759974e+01
3.236882388157619772e+01
3.127271117581945603e+01
2.874690603995770743e+01
2.670984837376006737e+01
2.898222984432599247e+01
2.787887918301170131e+01
2.821013705587262521e+01
2.844199192029004308e+01
2.519698416510553329e+01
2.598445636093714839e+01
2.799232991501092727e+01
2.761565068400834022e+01
2.643253772122262646e+01
2.587957727825590482e+01
2.043980111452514947e+01
2.092701283898309583e+01
2.166452674080991869e+01
2.250350938931804379e+01
2.176077792456963067e+01
2.188912833965035887e+01
2.384335470292711179e+01
2.452454447756658240e+01
2.323859074157297755e+01
2.531290984667629473e+01
2.576442721247985901e+01
2.790452590575219816e+01
2.762096514847218742e+01
2.871584295808368381e+01
3.042404947194516041e+01
3.184682920613417423e+01
2.336759037110281056e+01
2.470328538849123490e+01
2.571099523792001662e+01
2.651195731655888110e+01
2.428575094257272582e+01
2.521390165586024779e+01
2.675491203961223619e+01
2.899194162830253774e+01
2.975795384052861792e+01
3.005238147622472411e+01
3.264832414167302943e+01
3.287410721750826781e+01
3.060089784370835275e+01
3.307580443630860856e+01
3.352242525144015417e+01
3.437081898817486802e+01
2.723864215228573471e+01
2.847612131604404340e+01
2.643503138687309928e+01
2.661359606551931023e+01
3.035464360714031429e+01
3.161191116962119807e+01
2.812656660898572625e+01
3.017043359154728321e+01
2.547800960549998450e+01
2.510509009741086572e+01
2.675758141164299175e+01
2.677004293980968086e+01
2.702477720084647217e+01
3.046278133955878786e+01
2.898976685471198067e+01
3.224788078901950428e+01
3.163462599493353267e+01
3.166606171674018455e+01
3.096460584966192897e+01
3.173656624623524181e+01
3.393259307902896893e+01
3.673604906591143049e+01
3.744005332916314899e+01
4.762351959750673558e+01
3.256659122757224623e+01
3.483692421813150730e+01
3.466325126967753789e+01
3.764900549128956442e+01
4.037538533098204141e+01
4.956157871554586336e+01
4.086054905310854224e+01
4.209542967300848204e+01
2.998000844075472671e+01
3.451719059999371098e+01
3.293180285250478789e+01
3.438152510526595051e+01
3.167368496258770350e+01
2.879153560356265018e+01
3.206597284416652371e+01
3.181364876327599589e+01
3.498543130897405717e+01
3.455371389012312733e+01
3.558432674632522463e+01
3.666073680172561211e+01
3.417203993888333002e+01
3.754320048041874003e+01
3.789980555375966986e+01
3.979578412842844415e+01
3.155674485683501018e+01
3.476668869576202781e+01
3.543085910770017222e+01
3.701057656960416864e+01
3.468328549804844130e+01
3.301020533339591623e+01
3.403020265626673790e+01
2.921276372786282494e+01
4.162325006451371223e+01
3.781510007928307715e+01
4.251110767580768623e+01
3.713440355094306256e+01
3.121459767630101112e+01
2.527445256984192312e+01
3.002792337983652615e+01
2.417727139960138771e+01
3.870014555413072088e+01
4.111738495514369163e+01
4.596025823293454948e+01
4.475843393866971098e+01
4.194263100112317488e+01
3.875915957701275971e+01
4.300420807715962468e+01
3.728455423053975437e+01
4.665487797779149304e+01
4.388897331190452888e+01
3.968740377475481296e+01
3.798386130168496777e+01
4.228862160826490424e+01
3.584351393684994491e+01
3.836231099772931685e+01
3.389690428675538669e+01
3.646958187333629553e+01
3.249920800235545215e+01
3.299542177636260476e+01
2.925950039998307517e+01
2.775051249420299015e+01
2.369132426877990838e+01
2.553977135123400188e+01
2.238522206080732246e+01
3.310782880838358011e+01
2.984158334073691776e+01
3.243804039089970104e+01
3.038472048426630323e+01
2.610005277512846789e+01
2.298542082338629555e+01
2.766199041716216556e+01
2.510988362387864825e+01
2.931018542543746364e+01
3.101432149583850162e+01
3.204521694759151274e+01
3.445938275158667352e+01
3.359192466594323179e+01
3.503028010994679420e+01
3.765507971692966294e+01
3.863556253466758506e+01
3.599004313769184904e+01
3.801293671350708081e+01
4.034161758494992256e+01
4.353711947551911976e+01
4.082058210531931763e+01
4.238362039463736863e+01
4.690625740072380268e+01
4.756799214614915883e+01
3.695836702795210016e+01
4.042671605764132892e+01
3.980219536619220122e+01
4.226059246931997393e+01
4.251837441447185739e+01
3.887119408472824489e+01
4.297830334675446551e+01
3.853365531439125391e+01
4.234758738287320767e+01
4.187981222631871958e+01
4.675169894130911530e+01
4.370340389916038504e+01
3.980567348083555856e+01
3.608540188626232492e+01
3.794791737701718404e+01
3.330337512127126587e+01
4.334120855074267098e+01
4.853157279249191447e+01
4.687862955592208181e+01
5.136115061102876922e+01
5.239496231527758852e+01
4.981975715413241801e+01
5.173917535852447003e+01
4.855540793673399236e+01
5.296164642826413882e+01
5.457473653973200101e+01
6.036806092863756135e+01
5.566409091821193300e+01
4.977490264107832019e+01
4.620420499953234383e+01
4.896511144472569299e+01
4.476786329112869822e+01
4.727141936797733024e+01
4.397645954550564085e+01
4.508277664348145919e+01
4.153912001781317542e+01
3.795063862935077026e+01
3.335049306530022761e+01
3.764348468751194332e+01
3.367137595841172271e+01
4.321259120741977711e+01
4.040566156209205673e+01
4.185148398559881855e+01
3.889998133312506923e+01
3.724133818943762009e+01
3.325523493427049715e+01
3.630533761213096255e+01
3.295072150440987713e+01
3.496809214615091577e+01
3.297049899388502325e+01
3.329271405737382139e+01
3.179735671803844710e+01
3.217668066870180610e+01
3.041083235331911538e+01
3.054522255497233374e+01
2.855129305078493474e+01
3.223935210913064253e+01
3.115127424195358330e+01
3.111195597309513161e+01
3.035893918949138026e+01
3.023103669891651180e+01
2.848897991094578686e+01
2.891438036634151487e+01
2.746179027748407719e+01
2.971995758315917513e+01
2.808427238088567179e+01
2.745895535497638207e+01
2.621609785577233254e+01
2.635846375921269669e+01
2.533280589263805993e+01
2.420393899046349873e+01
2.325743835756182776e+01
2.697459262823167236e+01
2.528572817798220385e+01
2.633920810318655015e+01
2.448358492028839706e+01
2.252143181006547579e+01
2.109486359473531891e+01
2.194826652453835081e+01
2.002883820068150200e+01
3.073841449583230911e+01
2.931725810385932363e+01
3.077911246415915514e+01
2.867005027503058301e+01
2.772209721690254369e+01
2.661479714618861081e+01
2.720843889571774810e+01
2.637450972652472458e+01
3.063374508625065928e+01
2.877066979413026715e+01
3.054615509480428059e+01
2.918081566928611181e+01
2.745411778504417910e+01
2.613967826397652416e+01
2.765239848175985671e+01
2.559403076805519817e+01
2.566163782906554403e+01
2.391317588128018556e+01
2.505214189975398043e+01
2.303991712581183648e+01
2.166218177232777009e+01
1.900778965014819732e+01
2.052183988670401504e+01
1.792550788000950845e+01
2.405915950889832899e+01
2.126603911573251082e+01
2.341588550957644443e+01
2.071810097670164552e+01
1.873859846636331739e+01
1.694081328427675359e+01
1.775760475919323156e+01
1.622861391006640375e+01
1.643899703713271165e+01
1.809512767786592491e+01
1.661975681660151238e+01
1.726584842902007466e+01
2.305682323892915875e+01
2.364416901125639825e+01
1.804840198703927712e+01
1.732335630692454487e+01
1.754136856301379765e+01
1.715335514432038622e+01
1.803952131329068465e+01
1.808758572490528849e+01
1.716607127270858868e+01
1.717742182493234537e+01
1.764553197207361279e+01
1.753845206791666200e+01
1.876578552144285084e+01
1.847532737527632207e+01
1.729081902503534351e+01
1.852022003606015943e+01
1.919183573897407769e+01
1.888964540762433941e+01
1.899076536831397632e+01
1.861768047569601947e+01
1.807062762948881840e+01
1.894693086481762023e+01
1.851659512970521249e+01
1.987089843451632376e+01
1.939754581255349919e+01
1.988939464239897248e+01
2.122873555754788200e+01
2.292909317710490313e+01
1.829288780890123078e+01
1.834155500878722478e+01
1.903563708393143727e+01
1.855137976784045506e+01
1.763970438577788968e+01
1.789755453958944997e+01
1.849092045401477691e+01
2.060971756377014330e+01
2.064088760731649685e+01
2.108664497162709139e+01
2.110099910817566737e+01
2.313154913262058088e+01
2.147484228204545786e+01
2.442341839633863643e+01
2.416962788950174001e+01
2.657655035088344064e+01
1.962496883001517389e+01
2.168481453260859126e+01
2.353291252933720301e+01
2.646939162119936029e+01
2.412686160172377114e+01
2.794417937220885406e+01
2.842634542867119052e+01
3.296486793004596905e+01
2.915524729825917660e+01
3.479430119426787371e+01
3.297751618583847488e+01
5.110157833269659022e+01
3.730554840785593029e+01
4.027265905199102036e+01
6.370396210455433561e+01
5.746450341279600593e+01
1.921583688177523896e+01
2.169467199536432389e+01
1.915476441534853436e+01
2.217964907273535857e+01
2.686587421517414498e+01
3.661040954883402776e+01
2.856574835046961169e+01
4.132534917252497308e+01
2.100396858232148745e+01
2.543971321268133323e+01
2.556484470421453281e+01
3.408937306904094555e+01
3.552372814083830121e+01
5.525882367643851723e+01
5.560413689833243467e+01
8.231213821978114709e+01
5.239539929465179569e+01
7.818714543183676824e+01
6.380953537430898592e+01
9.676784056496630626e+01
1.216352159732055185e+02
1.537500030675140010e+02
1.229407198287394181e+02
1.191211026775315958e+02
8.018047106569059679e+01
9.562789659343106052e+01
8.697804750802833951e+01
7.477424014560590138e+01
8.996538767115033863e+01
7.212505540625731726e+01
6.003917979918509928e+01
5.123733700074308217e+01
3.424431182501959370e+01
5.254728011260832687e+01
4.344421655879155963e+01
6.767098462796185743e+01
9.098186267358364887e+01
1.022060794285015390e+02
9.139203196093065173e+01
7.613673623013900738e+01
4.775406197518105245e+01
5.572204524866242537e+01
5.019431611968351348e+01
4.241598940475562785e+01
5.501538307234897474e+01
4.470154826300615980e+01
3.637017582655893477e+01
3.239489268576549819e+01
7.234504332934781701e+01
5.277251845700357080e+01
5.043260478379956169e+01
3.901046092731919401e+01
4.520912869409618651e+01
4.228381304974608668e+01
3.607869414651679563e+01
3.444745076769674341e+01
3.610296770600608340e+01
3.007542707305864127e+01
2.898544863870770882e+01
2.558947514569541681e+01
2.796429025496054876e+01
2.736817355021306142e+01
2.375477616959981475e+01
2.312668470280824806e+01
2.062314808660223164e+01
2.364013272326996784e+01
2.131850886205171136e+01
2.426039551735240707e+01
2.662082644485180438e+01
2.873085607795442442e+01
3.020964858672381581e+01
3.333788147304662886e+01
2.345022427903022688e+01
2.558300110395869709e+01
2.618337385546158558e+01
2.795469084106428426e+01
3.073537878445085170e+01
3.433350569015096454e+01
3.041773030160744895e+01
3.110729706529226846e+01
3.531424979721607116e+01
6.763276682777188853e+01
3.657373176790789415e+01
5.453803349806267420e+01
9.710381018345555049e+01
7.114059302379527594e+01
7.249541046437003899e+01
5.760522318373224238e+01
3.499824357170728462e+01
3.954259487130973127e+01
3.103818730071236942e+01
3.324972436422375210e+01
4.281294573558850658e+01
4.084028754973698483e+01
3.443447044552139147e+01
3.441062187994432975e+01
2.865870044464572786e+01
3.160316883638306962e+01
3.122105488590698741e+01
3.383684595926756344e+01
3.218660798079651642e+01
2.972655623138539838e+01
3.301153160013001298e+01
2.867304589515694957e+01
3.372511556106564257e+01
3.485341557833600490e+01
3.272080390003457495e+01
3.119217627370805346e+01
3.253768015849828288e+01
2.750359390816960570e+01
2.886929705221745479e+01
2.514681479402198860e+01
2.874598567294190943e+01
3.003029131757390502e+01
2.587192946256012149e+01
2.593711978773222882e+01
3.074256645294287438e+01
2.972073677208405584e+01
2.594985896243677814e+01
2.457485719158496451e+01
2.392097229496274480e+01
2.278619010973819670e+01
2.188107805433846309e+01
2.056151343371044860e+01
2.145945569548477039e+01
1.942080741966717738e+01
1.874435732354449868e+01
1.703270957756896564e+01
4.603574976415150388e+01
3.505142968749327537e+01
3.896266623863203193e+01
3.237091650499011308e+01
3.026338599035474886e+01
2.838044424339305394e+01
2.883007338610660852e+01
2.568132740334051078e+01
3.604242035277726330e+01
3.309544906215468529e+01
3.399104201787062607e+01
3.411173175404213254e+01
2.944008225695394998e+01
2.408676154468069086e+01
3.086802048513800756e+01
2.513986294207903072e+01
2.642720063885722581e+01
2.389922866451045280e+01
2.357048241457787796e+01
2.215323287374675942e+01
2.253539071623479373e+01
2.216471039011042521e+01
2.178489202499974198e+01
2.293303616353528085e+01
2.107510435278991778e+01
1.995947852229087260e+01
2.113119513179313813e+01
1.971180539407165710e+01
2.019513542971629150e+01
2.228087902117026786e+01
1.937915242936561810e+01
1.989577958546263403e+01
2.992836506194613477e+01
3.135198685746406966e+01
2.355704755786678106e+01
2.409364557454570033e+01
2.942978670908441785e+01
2.525214836320740730e+01
2.394227635981425806e+01
2.291360703043740799e+01
1.838022423795640137e+01
1.890257887867348074e+01
1.710956421431689733e+01
1.868339477386572867e+01
1.909312942383833445e+01
1.913039202511843939e+01
1.858496242179379365e+01
1.797795867367693745e+01
2.157673351964384167e+01
1.991172644349291332e+01
2.133968740289794397e+01
2.031659258020314951e+01
1.843753630572270907e+01
1.733405727680604258e+01
1.845236399904733204e+01
1.657715472979080218e+01
1.900939380677362678e+01
1.971771374432122315e+01
1.765489878912839927e+01
1.905312441266426404e+01
1.889303416664369095e+01
1.751484659361829088e+01
1.980380481919342728e+01
1.961751421665330497e+01
2.137655647235388301e+01
2.241983334560882568e+01
2.143575535461757653e+01
2.199444509518037094e+01
2.299184872239335320e+01
2.321107639537401823e+01
2.244179828569814816e+01
2.315360932370700908e+01
2.089590204427794262e+01
2.107094338973463721e+01
2.082320863982161541e+01
2.108429490197331901e+01
2.199765557753269718e+01
2.310413675055616167e+01
2.157540393075356278e+01
2.258856631260941583e+01
2.310971115718858826e+01
2.223603656720585420e+01
2.329597745649987672e+01
2.229688002502139810e+01
2.049520352070870999e+01
1.911027703173517978e+01
2.100661377861444734e+01
2.061949478221534093e+01
2.380006256904517414e+01
2.341603882781932811e+01
2.354397209828108473e+01
2.352643413084748403e+01
2.242217581066224596e+01
2.161059456554221825e+01
2.261104468568885650e+01
2.118928584488267575e+01
2.112884873120470886e+01
2.101998545799184370e+01
2.105002455572715547e+01
2.050142766131217442e+01
2.087123918328882510e+01
2.149530660836500218e+01
1.998173775684904996e+01
2.059700031967331668e+01
2.040367696025652577e+01
1.912240069757514860e+01
1.969611259704696948e+01
1.790194868365955472e+01
1.815376362455233661e+01
1.898985639641720979e+01
1.710917958420165874e+01
1.795617988253690456e+01
2.236230610476955505e+01
2.254673154817328395e+01
2.153437292162156069e+01
2.211183154954817098e+01
2.164675770221753481e+01
1.996102926037580971e+01
2.162886975157782388e+01
2.056275528005355469e+01
2.024800348885247914e+01
2.185805628945744061e+01
1.957647485874421633e+01
2.217194304280291917e+01
2.253784236919108253e+01
2.287245334630920368e+01
2.387926985424844517e+01
2.521751999560564883e+01
1.903675819315112960e+01
1.947609773560193602e+01
2.070474876771967132e+01
2.060829632335591555e+01
1.991119354356798610e+01
2.080452553513176994e+01
2.091886400971407056e+01
2.177724568566361896e+01
2.106315636415265757e+01
2.107360519179999514e+01
2.002735902887711816e+01
1.986761918012051353e+01
2.134743746200161496e+01
2.162635030457033736e+01
1.990337769824957448e+01
2.051167864702974342e+01
2.196777250364563017e+01
2.334072747167704165e+01
2.290696743240744127e+01
2.444737138058540893e+01
2.471200569706056172e+01
2.521916646898858616e+01
2.612746867552707997e+01
2.696058678322984647e+01
2.260886909285573765e+01
2.399211771505558843e+01
2.233156363143915613e+01
2.471743854889022174e+01
2.599979450863977704e+01
2.799453585547799150e+01
2.681393682701142112e+01
2.881224905030600070e+01
1.899946434574737708e+01
1.895550686848861233e+01
2.014997171042006485e+01
1.981500965917592438e+01
1.885734712619695586e+01
1.941349464432672534e+01
1.961965400118567615e+01
2.005446707084236380e+01
2.244763312392267096e+01
2.215907298895861999e+01
2.479137287808650925e+01
2.503836478864602100e+01
2.212090046970115864e+01
2.180276123968033630e+01
2.578622250466668930e+01
2.480897653125067137e+01
2.144966219958783071e+01
2.470318081916755659e+01
2.155059541323256411e+01
2.473543866123085877e+01
2.731436109971416926e+01
2.869458381293845761e+01
2.747290123463761802e+01
2.875774893069780802e+01
2.254741047728298753e+01
2.501057445130707535e+01
2.431052388547088583e+01
2.551929437140967494e+01
2.659636700563030232e+01
2.846969677127822251e+01
2.681721443122854609e+01
2.938437692187116212e+01
1.955752967716507484e+01
1.812545586048306134e+01
2.001750443683270930e+01
1.872809387040635087e+01
1.775773148349904318e+01
1.892120179067902086e+01
1.868692571833294735e+01
2.096842051574414256e+01
2.028195743847041754e+01
1.914643587967537641e+01
2.039140780939288788e+01
2.048248652802825021e+01
2.060889091211099000e+01
2.306797736706901247e+01
2.303806287068595893e+01
2.515925342488763761e+01
2.127502697713144642e+01
2.369006442399889778e+01
2.311006099198188934e+01
2.487258107998503220e+01
2.560992762064092787e+01
2.691363497057421483e+01
2.678128795629258008e+01
2.756888852153402780e+01
2.443722530222615674e+01
2.559938336187078534e+01
2.623024387172038630e+01
2.625588872495187331e+01
2.682851357696769767e+01
2.757026674962597923e+01
2.632391100024450381e+01
2.730375387105805984e+01
2.143000517523065440e+01
2.260934752746643284e+01
2.311681981676920472e+01
2.453974173011060245e+01
2.539756361962830766e+01
2.752733512855330744e+01
2.700241728596862245e+01
2.816171016392073767e+01
2.467638615980619576e+01
2.631660208675522483e+01
2.709060100791496239e+01
2.842584970081869500e+01
2.805928846094102269e+01
2.852301005596698857e+01
2.977572705919364893e+01
3.020080654281273169e+01
2.744889354669803438e+01
2.587506973390680898e+01
2.720388470642413736e+01
2.579629281535767760e+01
2.585867497923404912e+01
2.754929623602291500e+01
2.589337040573913029e+01
2.748528121448853767e+01
2.780181326920839524e+01
2.719397510102061233e+01
2.977989408727296450e+01
2.956799726395581374e+01
2.716573522668882745e+01
2.863051058915712588e+01
2.995768260433372276e+01
3.218407365759679095e+01
2.612449463213901524e+01
2.667832108498592802e+01
2.594779059789444275e+01
2.585065785826677498e+01
2.845954600080062136e+01
2.776930628043244909e+01
2.869835545273548050e+01
3.034060183313320636e+01
2.656655157050006721e+01
2.581943681895530673e+01
2.792344608053684496e+01
2.773289039108290766e+01
2.856639702509572842e+01
3.187674867322428440e+01
2.956430187428499679e+01
3.258691130581421902e+01
2.653962866554133271e+01
2.700345648855820357e+01
2.987441876271393681e+01
2.911275251948099196e+01
2.840605508652851441e+01
3.080369125702331345e+01
2.950106733043778462e+01
3.087299861991665395e+01
3.314080899416182291e+01
3.203408803856888909e+01
3.494410043680893807e+01
3.633047618345590024e+01
3.122686808644832368e+01
3.188903815887272586e+01
3.508168708274958902e+01
3.595452807495351522e+01
2.862277162565390043e+01
2.879292625276115913e+01
2.939276457033670198e+01
3.145098138857907699e+01
3.060018100319029344e+01
3.416925964972187302e+01
3.388016395938322489e+01
3.934912886613362559e+01
3.201414304633254204e+01
3.681891283629680345e+01
3.659697811003941581e+01
4.365238155292610145e+01
4.046221303599860164e+01
4.586241045745295253e+01
4.821730041664056188e+01
5.436532931994971563e+01
3.812038041427926061e+01
4.258525570667381288e+01
4.821318521321340000e+01
5.498048678837077574e+01
4.288937926524213395e+01
4.301454151150719696e+01
5.724889036661864594e+01
5.709903848567869744e+01
5.844010114626686914e+01
6.934177884134183500e+01
7.136518453732868750e+01
9.141052275581644437e+01
7.778228892342289669e+01
8.699243970862953290e+01
1.157308993304306881e+02
1.345943946128763002e+02
2.129072786333241396e+01
2.177057567024979079e+01
2.230914760996381219e+01
2.290904770897356002e+01
2.206957617162611029e+01
2.189253521945329695e+01
2.389114423885538585e+01
2.391292403846330217e+01
2.296039175122717424e+01
2.330775391365685323e+01
2.298099546978144403e+01
2.307680513685153301e+01
2.432152114639584894e+01
2.370930449405214446e+01
2.302637763526594483e+01
2.243093580955201816e+01
2.144848051849495363e+01
2.093704694077309014e+01
2.314760991113731592e+01
2.226275352166387478e+01
2.101386526751957717e+01
2.095888410485608588e+01
2.146459624900552754e+01
2.092080418117614826e+01
2.285424848223388494e+01
2.219521523974267652e+01
2.240194440078807503e+01
2.267641237553197797e+01
2.184582709309537307e+01
2.222305052161627259e+01
2.282809949613072931e+01
2.346711138435361121e+01
2.301146493042395491e+01
2.234218836036750488e+01
2.219037689283001313e+01
2.048828679648283568e+01
2.132388137863438970e+01
2.181381793192320373e+01
2.025645162081064399e+01
2.160964502190664049e+01
2.005409246150319547e+01
1.878334809102712910e+01
1.826199414208426219e+01
1.832678302681537019e+01
2.005863185311442720e+01
2.110388266038363270e+01
2.038755203535915328e+01
2.172704274102120436e+01
2.254107906871362488e+01
2.283605271846241536e+01
2.204557093995505923e+01
2.223777248520192629e+01
2.319137955208133306e+01
2.417593197853650722e+01
2.341847790110124805e+01
2.460313475283998486e+01
2.132319139366249772e+01
2.184487861724899105e+01
2.149352343775841945e+01
2.204107958781639098e+01
2.324990117967792003e+01
2.428541909120450981e+01
2.336102531457409626e+01
2.367188850199142180e+01
1.996120942072616344e+01
1.899484531668094078e+01
2.109794318322038720e+01
2.162620784748111902e+01
1.900907350256267847e+01
1.935333270114400506e+01
2.180477117455227543e+01
2.179316255327206164e+01
2.303074329645154705e+01
2.347575642762171810e+01
2.428470926594797064e+01
2.491763145616905462e+01
2.353460497323267830e+01
2.406383821657712829e+01
2.588705366493013571e+01
2.683958340974893275e+01
1.955215140392559192e+01
1.995662564089307267e+01
2.206654455318651742e+01
2.274943729820002147e+01
2.052141229556463742e+01
2.070329972293358622e+01
2.282546662005039906e+01
2.221519199423626389e+01
2.458150574488615447e+01
2.451001147394243773e+01
2.697840053687406225e+01
2.631799885870529820e+01
2.410834771430520007e+01
2.347510016766446128e+01
2.602723989822603201e+01
2.546980953191262387e+01
2.498900084779202047e+01
2.623640144250245854e+01
2.531647546063072340e+01
2.662096435660541971e+01
2.752420279594758412e+01
2.834565605624579376e+01
2.818566147972197911e+01
2.942439115441922226e+01
2.477810747796596758e+01
2.606754546706164888e+01
2.417021004931223160e+01
2.549741781894125126e+01
2.809734907591640507e+01
2.939027162935177628e+01
2.698244291899457892e+01
2.798185430721537514e+01
2.852465694192776979e+01
2.826533562497617424e+01
2.990520463744848811e+01
2.991089506523648112e+01
2.784231860145270687e+01
2.727263675368994100e+01
2.871644789113480911e+01
2.751406519329393063e+01
2.963161891093626465e+01
2.961376228559675639e+01
2.825799879139848514e+01
2.803811005826641534e+01
2.825396728942682856e+01
2.698255671926229837e+01
2.734452615695702349e+01
2.720356522495977458e+01
1.798341418925052082e+01
1.850992663828496632e+01
1.833888373502633939e+01
1.894686586995534583e+01
2.110802642497166914e+01
2.260222124275697908e+01
2.203856578137766320e+01
2.279716870904946546e+01
1.883027941342584199e+01
2.020767253112493123e+01
1.994123214195047566e+01
2.173568289255950958e+01
2.264373917731981933e+01
2.240912925415711499e+01
2.263285130934603018e+01
2.209080289619680215e+01
2.186162285992554999e+01
2.218790351977326125e+01
2.190621395824594231e+01
2.232602211345367849e+01
2.297361462683062427e+01
2.295734550573315857e+01
2.265673629766667219e+01
2.269970205436351662e+01
2.211906031548249274e+01
2.263147530556900122e+01
2.251672115897883586e+01
2.266288196200952498e+01
2.272752045767125750e+01
2.296530282239261922e+01
2.268075997444236691e+01
2.353015212365217934e+01
2.115478678253404965e+01
2.236272054245543472e+01
2.208346782270020370e+01
2.186549343662693090e+01
2.198125906121119399e+01
2.180742933573473152e+01
2.132144623522813731e+01
2.150424313727319259e+01
2.271172423740874535e+01
2.149998406274483997e+01
2.306447631155999645e+01
2.194493185222817999e+01
2.164527927127197771e+01
2.265799016132229227e+01
2.242062889558430783e+01
2.396852810941805600e+01
2.219720372514983353e+01
2.276694060974620726e+01
2.224652157044363321e+01
2.370595545573549501e+01
2.336492795372179287e+01
2.421760003202993872e+01
2.480045911826841731e+01
2.531708482538836691e+01
2.394501676334093077e+01
2.478939378777382174e+01
2.513621309597330367e+01
2.521161179190761814e+01
2.524860948388906223e+01
2.558013417851864446e+01
2.552551453488789335e+01
2.589053388882832607e+01
2.367255266506910516e+01
2.466330204616365762e+01
2.346359499099916590e+01
2.419978278315889497e+01
2.589587673363338283e+01
2.707892491824655323e+01
2.504673270816988762e+01
2.652839667955998948e+01
2.361080025100139679e+01
2.458654474616821162e+01
2.449370482047243058e+01
2.512195508326603388e+01
2.507551098663462597e+01
2.692853211293491356e+01
2.631564193544236829e+01
2.913630073269935039e+01
2.792840817867195469e+01
2.785353200215832103e+01
2.883773101360155877e+01
2.986218390371599440e+01
2.776859996756841653e+01
2.840682676993368361e+01
2.996942399884302333e+01
3.057477402796138932e+01
3.039858603556154648e+01
3.236419557769890076e+01
3.238845968377560780e+01
3.469479723165615326e+01
3.298558086813805801e+01
3.424171894860521803e+01
3.629284090718299893e+01
3.822619117315537807e+01
2.477807678042458406e+01
2.603025905168858500e+01
2.625103277323981033e+01
2.778546350897124739e+01
2.823582863695949641e+01
3.090036208832717790e+01
2.925465529092270955e+01
3.140417886740097586e+01
2.662205230446198101e+01
2.823328618817926738e+01
2.624795034478120215e+01
2.759369690908553707e+01
2.961609020407192361e+01
3.203104766005381521e+01
3.019236702431313901e+01
3.400308645685269227e+01
3.314509025756012051e+01
3.522082930711893312e+01
3.336436353522401532e+01
3.511830129763150410e+01
3.742582827545167845e+01
3.992318119829584333e+01
3.739158357328072668e+01
4.102610451253474366e+01
3.447305553848111970e+01
3.653949662435275769e+01
3.755795628646117024e+01
4.125725291995373567e+01
3.982785168035950107e+01
4.569364763497330983e+01
4.674746295655742045e+01
5.544431460637378706e+01
2.033366289523148396e+01
2.000999919468379673e+01
2.056621839783299066e+01
2.004077795693855890e+01
2.017262916617406887e+01
2.019894460132573144e+01
2.003265585517990743e+01
1.958538266596520927e+01
2.060818457618875144e+01
1.988944825137111394e+01
2.025181425388405998e+01
1.942857003708275343e+01
1.964083554511979557e+01
1.911292478349981749e+01
1.908068497892948656e+01
1.810318519649902314e+01
1.928159413269298028e+01
1.819282882534027479e+01
1.878209324617897735e+01
1.840783590762674748e+01
1.796691739066949367e+01
1.810831193943076656e+01
1.806756873759613669e+01
1.759739652568714874e+01
1.828838978464566978e+01
1.771112447534056145e+01
1.708245823483336778e+01
1.674537549934409597e+01
1.721724622010982131e+01
1.727850217656015275e+01
1.796098052050069427e+01
2.122810781493233989e+01
1.965295872149781431e+01
1.914416782405505657e+01
1.941630275334152600e+01
1.872050760031243755e+01
1.842732576821011392e+01
1.711304881073359141e+01
1.754878904611316415e+01
1.662508721288902080e+01
1.966246703405870377e+01
1.828726070579682528e+01
1.963587412734417725e+01
1.783064259123753104e+01
1.721076911112715990e+01
1.609617110125157069e+01
1.667701738932829514e+01
1.531972875470911433e+01
1.647886558119085620e+01
1.620957236503831211e+01
1.613203063366601242e+01
1.577554499799183141e+01
1.715960131974012981e+01
1.784008066502234868e+01
1.505672188922468457e+01
1.455781593111376715e+01
1.573152470044136919e+01
1.529503081341356285e+01
1.553794794269921908e+01
1.498668975107598378e+01
1.452303465730671306e+01
1.459191781809573563e+01
1.498453666660876138e+01
1.534091364103394639e+01
1.845124019382297931e+01
1.888074573113864218e+01
1.742518422950096735e+01
1.765676692217061827e+01
1.918030441976124223e+01
1.929673269466044871e+01
1.761053210443273898e+01
1.756200165208021957e+01
1.730068893837045607e+01
1.672176454247734867e+01
1.829534936617879382e+01
1.567611084073119443e+01
1.630994659434722038e+01
1.643978950684958207e+01
1.576185379543994003e+01
1.621750124008476845e+01
1.937030321150453815e+01
1.888193818643527422e+01
1.757921814446080333e+01
1.775679420649427698e+01
1.801746048334804584e+01
1.714190492743333749e+01
1.776061974175111402e+01
1.686436377726980851e+01
1.665288074996742296e+01
1.707248577339687046e+01
1.633210088157441930e+01
1.736940634912139458e+01
1.736155092766034613e+01
1.756708122017628781e+01
1.839505733085104922e+01
1.814839583276717860e+01
1.541410554545094591e+01
1.474435865955625680e+01
1.439084849085858409e+01
1.490652131032406302e+01
1.552901710192230134e+01
1.605921489126421520e+01
1.587572019584989569e+01
1.638082825962964861e+01
1.510186618373933776e+01
1.591731192657563554e+01
1.644381844565335982e+01
1.707193674108277648e+01
1.629437852786158558e+01
1.633740942353175285e+01
1.627420882716780426e+01
1.575846824270857915e+01
1.650203103829345253e+01
1.898369269783502133e+01
1.661535000910508231e+01
1.703052807118584155e+01
1.916232269710481972e+01
1.816337811739374430e+01
1.717408794778956960e+01
1.810160174816251200e+01
1.627416063220387699e+01
1.613779055196793166e+01
1.594011165877007841e+01
1.637771805729328634e+01
1.685038926308664742e+01
1.865831144631113503e+01
1.727774908668123999e+01
1.887883595362609057e+01
1.883823156009898625e+01
1.721072911264062810e+01
1.780982063596063725e+01
1.678667662649552383e+01
1.614567977163640577e+01
1.531546027935409704e+01
1.609705665213425618e+01
1.552625803221420142e+01
1.715847135126566414e+01
1.646069737389509768e+01
1.707896669760953046e+01
1.643619126251433116e+01
1.608141229806537709e+01
1.590888692904716528e+01
1.604660124378819575e+01
1.611621894752719797e+01
1.554963109399337284e+01
1.548350872127620192e+01
1.607360860243845835e+01
1.617590584780832685e+01
1.555750592535443921e+01
1.593661866063606070e+01
1.608960353911478336e+01
1.710182848363874442e+01
1.700097273660422204e+01
1.662493167706239205e+01
1.715530762732466741e+01
1.723803020649159023e+01
1.717544065326131175e+01
1.813047922814070745e+01
1.820909670715219519e+01
1.876240140799524170e+01
1.735579488187887875e+01
1.651688761121493698e+01
1.762548477386175705e+01
1.650217259947899251e+01
1.566996207996089652e+01
1.620808605346265452e+01
1.588427980920162064e+01
1.666104444963941589e+01
1.798332872405497795e+01
1.703278624367688110e+01
1.880935326512664574e+01
1.878541187686275293e+01
1.746447729729698750e+01
1.788496392898563769e+01
1.996972066801351531e+01
1.989593342573438406e+01
1.692658595042667002e+01
1.816724336444094945e+01
1.729865111248118126e+01
1.896706778957309325e+01
1.919178029670412400e+01
1.972917152912979333e+01
2.006112569255606104e+01
2.060071058871983496e+01
1.852710103376206519e+01
2.053843119990402499e+01
2.101061096304544051e+01
2.298876855889431425e+01
2.148230816981651614e+01
2.217980360976378407e+01
2.299595270455694518e+01
2.363373813822678216e+01
1.702905855964148785e+01
1.661759456379616040e+01
1.744192511485962527e+01
1.606452392928574113e+01
1.554664949643648519e+01
1.567875154061875698e+01
1.560120855953573304e+01
1.665735870737208302e+01
1.782898182441713075e+01
1.672041918113342618e+01
1.834575699062008880e+01
1.821926612616629271e+01
1.704078697987533531e+01
1.802920023949286588e+01
1.970473482767679130e+01
2.056829407835856927e+01
1.613284364660638559e+01
1.651301810501738032e+01
1.668169301923051862e+01
1.626102532260834010e+01
1.729392856650841637e+01
1.886429768420368447e+01
1.737152574405569894e+01
1.956905394286004451e+01
1.807109999916038490e+01
1.758644139030472786e+01
2.040749929063935042e+01
2.044195686354349206e+01
1.948773178267977357e+01
2.196239834554968340e+01
2.266829700134621817e+01
2.510935236709475404e+01
1.963087337971493440e+01
2.083805585306580710e+01
2.212599110307810335e+01
2.486032455532647489e+01
2.274925903946090955e+01
2.356587225991146184e+01
2.581545629936606190e+01
2.576494055896096924e+01
2.667862446422442346e+01
3.091279518125498527e+01
2.916925358436951043e+01
3.421694924565896656e+01
2.916893447321322697e+01
2.712144259130951696e+01
3.105004493488576500e+01
2.779578378452932697e+01
2.310614346056298274e+01
2.401214291968290482e+01
2.548882940405316333e+01
2.727710964346982081e+01
2.603075032471188521e+01
2.719070756902300801e+01
2.858797077280321730e+01
2.929019426377547930e+01
2.699649265590359448e+01
2.967533421211856393e+01
2.888162176737135312e+01
3.194470651916473969e+01
3.127117337625712779e+01
3.233196896429512179e+01
3.336964217514128705e+01
3.416437374971753371e+01
2.015297722929982172e+01
2.057538430767639426e+01
2.008793596768428813e+01
2.058625066984915719e+01
2.087034270496887345e+01
2.096496942000302610e+01
2.064699786170193363e+01
2.071290958923970749e+01
2.065567881235594072e+01
2.068143416574144311e+01
2.053458776146173292e+01
2.003578822217276922e+01
2.030103021037490407e+01
2.005125103884981641e+01
1.949581590117354324e+01
1.908472430032871259e+01
2.107489904473975173e+01
2.113232664859016907e+01
2.081831049903818709e+01
2.090065317392810584e+01
2.094742497059264608e+01
2.053605576524031306e+01
2.067573074668731437e+01
2.044911486887130536e+01
2.004014726804971147e+01
2.012215709951984621e+01
1.917529695445098881e+01
1.993562279679207094e+01
2.011538335020097890e+01
2.010089487994984836e+01
2.043134517282397411e+01
2.032685686898476263e+01
1.931081313273449140e+01
1.856948405516994782e+01
1.809033813726948026e+01
1.786611962419301136e+01
1.860430401322532745e+01
1.881283058689083632e+01
1.862985752551161767e+01
1.909933574534772305e+01
1.776993891066600995e+01
1.791972648086924735e+01
1.795175061682046191e+01
1.821837310753240402e+01
1.887310320238253425e+01
1.962538880328595070e+01
1.923837289943709905e+01
2.104977005465390860e+01
1.927089288928031863e+01
2.035338303049837094e+01
1.991382890539357575e+01
2.165549210218891929e+01
2.079961395107844169e+01
2.061933549780636099e+01
2.204405966660136684e+01
2.178313695379015513e+01
2.104686615753107404e+01
2.299489454139784783e+01
2.282119581028842958e+01
2.375461907811811813e+01
2.322125824784242454e+01
2.356200808992639750e+01
2.421712387849782289e+01
2.475216274081989809e+01
2.042974994808309219e+01
2.053646645724250774e+01
2.042724226566466328e+01
2.064717051156090477e+01
2.073227564504962572e+01
2.102739479965251945e+01
2.118434752603092619e+01
2.218518966063168563e+01
2.023030588143681641e+01
2.086409944199082744e+01
2.045475900187109985e+01
2.095186004057815765e+01
2.169975996566235565e+01
2.316276830976846313e+01
2.229701484290811919e+01
2.425672430316242512e+01
2.215521630628780159e+01
2.385324524677796987e+01
2.381637296219986766e+01
2.592096918391274940e+01
2.589553527514821596e+01
2.884001497858686136e+01
2.853628564445673632e+01
3.115145988394349175e+01
2.503057902293104675e+01
2.717076604745744106e+01
2.615919778272463958e+01
2.858856680139361828e+01
2.957942600887418294e+01
3.164488573076249267e+01
3.128850969774049062e+01
3.364278379899419491e+01
2.067792384175652387e+01
2.152767690692660807e+01
2.226734362511051657e+01
2.382696962176140332e+01
2.373735595322165182e+01
2.614842074686681528e+01
2.594102747646982721e+01
2.851352027096353936e+01
2.439969319458518981e+01
2.582682759773050662e+01
2.520325212896179323e+01
2.626267821223179411e+01
2.690172382656190209e+01
2.841752593826953444e+01
2.699275298269713730e+01
2.737451820886013820e+01
2.828604201363517134e+01
3.011127677145800874e+01
2.960467286081262372e+01
2.997293057491724610e+01
3.271007419495995094e+01
3.437015628211641882e+01
3.196801081611761575e+01
3.363586935141015744e+01
2.847133202777775907e+01
2.864081482318536942e+01
2.739873064137960768e+01
2.903338795733796829e+01
3.125920359431462359e+01
3.433131568115798160e+01
3.261512571857194587e+01
3.583710522848235769e+01
1.852680441843281400e+01
1.883923449421971341e+01
1.941350385913615284e+01
2.054219747115553574e+01
2.075142445693286675e+01
2.285042610798682006e+01
2.213613865351397081e+01
2.291653387249921181e+01
2.041964733150511790e+01
2.179295356758160906e+01
2.102585169588444458e+01
2.117160577121252274e+01
2.178466899883477126e+01
2.178844045008258590e+01
2.026717577302825646e+01
2.070938969270242325e+01
2.414009759284211754e+01
2.506815534905300424e+01
2.440760189624436904e+01
2.600571619731961803e+01
2.528632406716119974e+01
2.500393660741879032e+01
2.516919519221474744e+01
2.439261567199003622e+01
2.311453289213127604e+01
2.422604408750792615e+01
2.184491510840745221e+01
2.354306526894871610e+01
2.431090408162487648e+01
2.478520771819518487e+01
2.542056563177283834e+01
2.639064449194278694e+01
2.043968567377926959e+01
1.922224265992725023e+01
1.891190452660072197e+01
1.789238158255064448e+01
1.901195296550840652e+01
2.021375397888657233e+01
1.868547456714110311e+01
1.990470536275413949e+01
1.760353831329350882e+01
1.820387623187805559e+01
1.703896813140358546e+01
1.830366852922251653e+01
1.982777899223840024e+01
2.190610819212475846e+01
2.401132414098889001e+01
2.785687959542594427e+01
2.164842227487354265e+01
2.311113016389194641e+01
2.098582004338524243e+01
2.090253274023024233e+01
2.420363875222343708e+01
2.485846994494423967e+01
2.086411102114985283e+01
2.068912793465776545e+01
2.073409490315190595e+01
1.937323099488782319e+01
2.137295042275553314e+01
1.852233055313283572e+01
1.898344590662684439e+01
1.846857089755195958e+01
1.839419540657450014e+01
1.831287490586666067e+01
2.477276142377201040e+01
2.608856786403619310e+01
2.480919186922420394e+01
2.685936973006215567e+01
2.788295937565678173e+01
2.880002460302308975e+01
2.987608710152063551e+01
3.276691109672518110e+01
2.602949074808168461e+01
2.865400443603926917e+01
2.758518098441887645e+01
2.921314604391758252e+01
3.235275828120996522e+01
3.532168524196858073e+01
3.167557879293185508e+01
3.340953283303539934e+01
2.934396335407753043e+01
3.182304714213404040e+01
3.424509889095050852e+01
3.671097429083688723e+01
3.695076627093163779e+01
4.040265380579221954e+01
4.224388906847747194e+01
4.671747296414981321e+01
3.651001420658475638e+01
3.988155573725993008e+01
3.444779777442099089e+01
3.805582857956974863e+01
4.687825266417593184e+01
5.408793081847379369e+01
4.745992202036394758e+01
5.930347006235061968e+01
2.590033911417471657e+01
2.774885938187273027e+01
2.163532325839270598e+01
2.447050390076739390e+01
2.943895607976712725e+01
3.044007646077053408e+01
2.716153310220996886e+01
2.994265831745475737e+01
1.929543166975606994e+01
2.210048328293982323e+01
1.887123347269814033e+01
2.143579716538695479e+01
2.624314612829414273e+01
3.193501547900603299e+01
2.635890990525647126e+01
3.417938379536143856e+01
3.241512268920924811e+01
3.752352305445266722e+01
3.383482727005316804e+01
4.055644744205020658e+01
4.819749344079670550e+01
6.381987571175751839e+01
5.248574623321857757e+01
7.111590760306998504e+01
3.785826466505159260e+01
4.790425729022037160e+01
4.334832182334368866e+01
5.937243981071091525e+01
6.334127663158247401e+01
9.079752527123491745e+01
8.833178502529911214e+01
1.270945672813888336e+02
