1.351941703848263387e+03
1.055073201437959369e+03
1.209464042693475449e+03
9.240557774974456606e+02
8.314038457466642740e+02
7.121557725013811933e+02
7.659050147629940284e+02
6.722269903059624312e+02
1.075410002207481966e+03
8.535657259396759855e+02
9.462890463440207895e+02
7.709678596553804937e+02
7.320015031892581874e+02
6.407462231288425301e+02
6.660703856342066729e+02
5.803265540819253374e+02
6.449187544468720716e+02
5.806964627022515515e+02
6.126432168246432184e+02
5.486663294117062151e+02
5.076124249155383836e+02
4.384928740943265097e+02
4.822524538772365190e+02
4.213512576941839143e+02
5.655447532569087343e+02
4.975697711206992153e+02
5.064321527000318497e+02
4.479044303380677547e+02
4.438956683301651083e+02
3.938474063967903476e+02
4.014988455086925114e+02
3.504831606109308950e+02
8.388173245073332964e+02
7.014472502753446861e+02
7.924855117443195240e+02
7.007677499080919006e+02
5.982004461697443958e+02
5.139075291679823749e+02
5.946107302858846424e+02
4.996088429913839377e+02
7.466385652491726432e+02
7.419712320471436442e+02
6.583366183890844923e+02
7.254613693074509229e+02
6.659711362337031915e+02
5.565107356344026357e+02
7.225513845466949761e+02
6.334136652510364911e+02
4.572253425994756526e+02
4.128757462424521805e+02
4.397432859526364268e+02
3.993278461436320299e+02
3.671433523055542878e+02
3.204160690247188086e+02
3.608108085145877340e+02
3.258024888833265891e+02
4.690871310931615312e+02
4.134466267351750162e+02
5.404862953293636565e+02
4.685894834123081409e+02
3.795468251064236824e+02
3.503804718457133163e+02
4.193094200701871159e+02
3.858446719479981653e+02
3.797534007517670034e+02
3.366030019936002873e+02
3.623009747631340929e+02
3.175288967944661067e+02
3.129638527850565879e+02
2.964908694120005634e+02
2.917454448828542581e+02
2.746312908683332239e+02
3.372720342715954303e+02
2.956429027778293062e+02
3.002097912690325643e+02
2.711329964973856477e+02
2.694845452174942011e+02
2.562790122741851633e+02
2.567223523035425501e+02
2.523425014453238191e+02
2.838150664329679671e+02
2.745278999391265415e+02
2.663349203085580825e+02
2.583201215521876293e+02
2.637370350904066072e+02
2.520856755161966021e+02
2.471541038490201174e+02
2.360848504740928604e+02
2.540960418085096819e+02
2.468960490676032862e+02
2.480319243622873557e+02
2.389631688601095050e+02
2.362170595801715365e+02
2.270933058882324929e+02
2.309574066032857615e+02
2.208098091293748269e+02
2.868922562511419301e+02
2.718948563486199532e+02
3.020021704201569150e+02
2.895726526312527085e+02
2.656083371015679404e+02
2.568282549149338365e+02
2.793210965974806754e+02
2.596556173653959831e+02
3.249607487288157017e+02
3.055851946312827181e+02
3.547208016688517773e+02
3.158501820105760771e+02
2.864669553222537388e+02
2.641760175176368648e+02
2.864833352454493820e+02
2.679055741369384123e+02
2.428974355869465001e+02
2.345866359391751814e+02
2.413441148346902310e+02
2.339261597990916357e+02
2.279581782894223920e+02
2.151268999766620595e+02
2.261491890843221597e+02
2.120717310673382769e+02
2.456100460819281750e+02
2.360883065271705732e+02
2.522661082263258265e+02
2.383221644496211127e+02
2.246968532712548381e+02
2.100151911763088606e+02
2.229966392072989834e+02
2.075905591277056885e+02
5.494519573896398015e+02
6.214008476449032514e+02
4.659704597152729662e+02
5.152674299271830023e+02
6.656013794877167129e+02
6.379276525161943709e+02
5.629790301357955968e+02
5.834112259771388835e+02
4.247143326395573695e+02
4.547212088235483520e+02
3.952981378353339892e+02
4.093288408461710901e+02
4.952448113066757287e+02
5.390121020315267515e+02
4.452226288228956150e+02
4.977751855520360778e+02
5.903002822886628564e+02
5.392246096499934538e+02
5.929340906022467834e+02
5.849045162495440309e+02
4.803321314691505677e+02
4.384432040132836619e+02
5.413827917181256453e+02
4.893596061967313062e+02
5.807289598928196028e+02
5.878419106977913771e+02
5.405568676661916925e+02
5.399181896656971276e+02
5.558102109526198547e+02
5.031728429856224238e+02
5.192409724674666904e+02
4.901958953520584714e+02
3.630976522109870643e+02
3.692753761681008200e+02
3.363725202786246768e+02
3.443879256961798205e+02
4.056812312941386836e+02
4.498926067142431293e+02
3.833466302124241452e+02
4.097496749644624856e+02
3.199643167018226109e+02
3.272566234084555958e+02
3.099144406704538710e+02
3.086525698455529323e+02
3.504784312184890496e+02
3.677885184177496285e+02
3.214396846603210633e+02
3.292002069213217510e+02
4.702603332556479359e+02
4.698571072834583333e+02
4.164549630650354857e+02
4.155023933903050875e+02
4.650677347915158180e+02
4.624043652573627696e+02
4.191059423329755305e+02
4.291016196143354477e+02
3.699353825522090347e+02
3.655911554861564241e+02
3.221973174643367201e+02
3.113981570672092403e+02
3.675195479345964031e+02
3.777674158976795411e+02
3.093003570558852857e+02
3.219283268521285777e+02
3.872146411326237398e+02
3.163454702287147597e+02
4.063371121442947356e+02
3.184140682808097154e+02
2.801155762162638894e+02
2.677475418704606795e+02
2.795730228892167020e+02
2.675045481628534958e+02
4.263279559668584398e+02
3.463653209847608991e+02
4.464050968268946349e+02
3.865639350003443155e+02
2.974397554738744134e+02
2.743169237482661060e+02
3.276185399194208117e+02
2.877556780118840720e+02
2.567405262939319073e+02
2.402628681597796003e+02
2.582673273175842610e+02
2.415901602874120044e+02
2.230669272382690451e+02
2.076989654537693184e+02
2.252469146174379944e+02
2.096878442518642771e+02
2.600612497266332639e+02
2.425842848498190278e+02
2.640966799390722599e+02
2.432831663244927540e+02
2.275332381842647749e+02
2.104399708677252363e+02
2.286061018832760965e+02
2.105753516398447971e+02
4.498906897636117037e+02
4.118255677523114855e+02
4.317863362089447037e+02
4.095369740149311042e+02
3.536989890924040765e+02
3.064114977769672805e+02
3.679796612036172405e+02
3.255191410896259754e+02
3.906258773938535569e+02
3.955268342788117479e+02
3.481721110034220033e+02
3.719632256470761149e+02
3.786488305598932129e+02
3.401281534149873664e+02
3.676193735216692744e+02
3.300995627321437951e+02
2.739083769859793165e+02
2.453348967415830657e+02
2.859514611440206409e+02
2.492302485557490854e+02
2.291949088217362487e+02
2.119655216230897281e+02
2.299731719248188426e+02
2.146191624226647434e+02
2.930530729863804140e+02
2.505548843774533907e+02
2.786410927289110759e+02
2.412849773875975359e+02
2.285649492322866365e+02
2.168196118724254688e+02
2.257540803299280014e+02
2.186281736043840738e+02
7.307055702206438355e+02
6.305229235137238675e+02
7.068158835230044588e+02
6.351581361813626927e+02
5.507194193665845887e+02
5.124537802581868391e+02
5.561577100451468141e+02
4.961212752335467258e+02
6.759164818848989853e+02
6.121849220642939144e+02
6.330330433335039970e+02
5.654136597929872323e+02
5.379532205506308173e+02
4.649228503330581361e+02
4.933951308542225433e+02
4.196354407016178243e+02
4.767348195551726349e+02
4.430257173346914783e+02
4.514151649562918465e+02
4.116279101416900517e+02
4.038367232508924758e+02
3.630763524313321113e+02
3.707990422949499703e+02
3.339933942534286189e+02
4.100009454942205593e+02
3.667001173175208351e+02
3.610005534853769973e+02
3.191955512466271898e+02
3.292823001321796141e+02
3.025481753149622364e+02
2.903587624346514531e+02
2.778045613097571049e+02
5.768433943716424892e+02
5.183443660196129485e+02
5.165793093350467871e+02
4.769403718591702841e+02
4.580840686844686047e+02
3.867266456955076137e+02
4.321157949658322082e+02
3.623059697837309727e+02
4.460777362061879785e+02
4.174144364686641779e+02
3.801182495354647131e+02
3.541509389201363547e+02
3.834292558778296325e+02
3.243205708792493169e+02
3.247624384994140883e+02
2.821070336308802666e+02
3.228731516471412988e+02
2.808490701108664780e+02
2.951440243881746142e+02
2.522122945547702670e+02
2.594084896771577746e+02
2.558329786002389028e+02
2.354334176455556928e+02
2.346404022917848238e+02
2.662450488842250707e+02
2.319433611466574519e+02
2.447165610266433760e+02
2.272503388320295699e+02
2.236199542135794616e+02
2.244837426327841854e+02
2.264105471225977055e+02
2.268079303849523285e+02
3.265471727061848810e+02
3.008544795539614256e+02
3.060974630183726504e+02
2.892106302847783468e+02
2.849466311097091875e+02
2.655618731374426602e+02
2.779645861165334395e+02
2.617636955640202814e+02
2.896964101702673133e+02
2.831874190240916391e+02
2.773771181830869637e+02
2.758355573893986730e+02
2.739453303347876840e+02
2.544414664806270139e+02
2.658830745993424216e+02
2.406537636065453114e+02
2.407846883508535427e+02
2.124429649104546058e+02
2.342715155182645788e+02
2.002181630051769616e+02
1.824287448664402689e+02
1.572162709092519037e+02
1.718289064191130819e+02
1.515721274022383511e+02
2.210637541945879718e+02
1.860433208522978816e+02
2.041129379652682587e+02
1.722533729197333798e+02
1.610059234021893815e+02
1.489612654381465973e+02
1.540985123026823089e+02
1.482310876330156475e+02
2.599032122391952271e+02
2.612549851113386126e+02
2.388872171572575667e+02
2.401793437768746742e+02
2.511956930812187352e+02
2.205656997738040843e+02
2.279477318328688966e+02
1.979449875846182465e+02
2.258440473900139978e+02
2.223092606047617039e+02
2.239396331271648251e+02
2.133185319575325707e+02
2.063298812657950236e+02
1.843454876221728114e+02
1.939957416830979469e+02
1.798210472092646910e+02
1.852082863803766486e+02
1.631252109536064836e+02
1.735382519571064108e+02
1.584004067552471611e+02
1.504346150458676732e+02
1.486466641237556132e+02
1.507498565043488270e+02
1.517929946768884690e+02
1.705027671385710164e+02
1.594056479984587327e+02
1.732898477179043368e+02
1.672448536168755879e+02
1.569966731965972997e+02
1.581509115876177134e+02
1.654893065530593219e+02
1.652132103958956577e+02
3.479469539908451452e+02
3.204578348854191745e+02
3.335278832137657332e+02
2.991527077745432166e+02
2.871594957804633168e+02
2.548041357838167755e+02
2.649146355757836204e+02
2.433663663833305009e+02
3.176340970820898519e+02
2.809024682269887307e+02
3.065008968057788366e+02
2.749680257560052041e+02
2.542874588448498798e+02
2.427665639400281350e+02
2.549440140327180586e+02
2.458634310351288264e+02
2.366580110555553063e+02
2.316484431792824239e+02
2.353884509169580213e+02
2.342194801782621312e+02
2.316722840861966120e+02
2.284810556820635270e+02
2.317299448910072783e+02
2.226122473366595216e+02
2.388493009413760433e+02
2.357135671783606483e+02
2.399856301238988010e+02
2.310147405141686363e+02
2.269925332566318446e+02
2.110024460544871943e+02
2.159180430938822610e+02
2.000589798286348469e+02
3.060131813830711280e+02
2.824892225624689672e+02
3.026898482221135396e+02
2.837485582461525269e+02
2.654158273487068982e+02
2.492670610461559590e+02
2.631821490771566801e+02
2.407265423745137980e+02
2.846471994651240607e+02
2.632653455703819532e+02
2.584787848020583851e+02
2.380367626541558650e+02
2.405844902268513579e+02
2.231669521180909044e+02
2.240700399832677476e+02
2.140770853007149412e+02
2.355212919555962117e+02
2.205787118817044643e+02
2.226732847744590629e+02
2.081596593672153119e+02
2.055128330080482613e+02
1.940143472630525991e+02
1.968935006033224511e+02
1.901754639574764383e+02
2.092511677922003344e+02
1.981730737041964119e+02
2.050110775127547811e+02
1.993280126271771167e+02
1.924306700107720474e+02
1.909391614302246580e+02
1.969515698030566568e+02
1.959146111770797347e+02
2.197475910211180690e+02
2.032321089860971597e+02
2.083473905558064132e+02
1.932782118028953562e+02
1.860393547496992426e+02
1.789919189047672603e+02
1.823695502555567600e+02
1.787231016960530212e+02
1.962886972144219726e+02
1.866932352431553568e+02
1.898194058801187509e+02
1.848488010960417114e+02
1.819811796791533993e+02
1.797358687084527276e+02
1.833855311842376068e+02
1.821289636872662925e+02
1.771069128490134688e+02
1.744995742461515817e+02
1.784236912718085932e+02
1.772770385879274500e+02
1.703575012611914588e+02
1.714336453192166516e+02
1.746257660965369212e+02
1.771204759449667563e+02
1.789179771650880468e+02
1.795970008458132270e+02
1.813379408476320123e+02
1.827585192163117256e+02
1.802855282342733574e+02
1.823238120856832438e+02
1.851075537293054651e+02
1.866913600842132439e+02
1.869441041469357856e+02
1.846906990111473306e+02
1.869594590605907172e+02
1.871552889126247692e+02
1.846805689962654071e+02
1.851631202278709054e+02
1.886087984183575372e+02
1.887028890833127832e+02
1.910105142262758307e+02
1.918555824412855202e+02
1.961711458115010487e+02
1.964151282798740965e+02
1.922292404053461325e+02
1.910399528688502073e+02
1.956321814590143049e+02
1.953956942737358133e+02
1.857638320422821039e+02
1.864740805554423844e+02
1.886058967047682415e+02
1.893568231336981569e+02
1.885251158941913161e+02
1.901536042796603851e+02
1.916695898245571072e+02
1.934867432682136439e+02
1.905234491104775429e+02
1.929580986555973539e+02
1.974400521111102762e+02
2.017516080063879826e+02
1.970134658715857654e+02
1.994860716178082214e+02
2.067262763116168287e+02
2.095935948761595000e+02
3.823326806740840311e+02
3.496314450293158984e+02
3.386752170727169187e+02
3.006511496989886609e+02
3.110426753624813045e+02
2.673597731454640893e+02
2.684361409260846472e+02
2.398376149838660183e+02
2.934563057178488634e+02
2.582141239374897168e+02
2.571072981080292834e+02
2.309501599649456409e+02
2.307458131300659545e+02
2.124625862738621720e+02
2.100811546194263713e+02
1.963383363922800129e+02
2.324091156025470184e+02
2.084121866097795532e+02
2.162896544308811713e+02
1.981527904685219710e+02
1.926963412792842405e+02
1.917395696918252668e+02
1.856786542078197044e+02
1.844170166772721586e+02
2.001869503636278296e+02
1.884590072853877700e+02
1.888946131602985190e+02
1.798309125792783902e+02
1.795470654937226413e+02
1.792785450970776537e+02
1.722913769658919136e+02
1.731844589347999204e+02
2.343874471389605674e+02
2.148054695850989333e+02
2.245354907860075571e+02
2.048394738010928506e+02
2.000045167461635742e+02
1.897766338610549610e+02
1.921914978880789988e+02
1.846299412374077917e+02
2.198526010964529007e+02
1.977189326120519581e+02
2.194247541712034888e+02
1.943880266086861752e+02
1.871135967939657121e+02
1.800604147375129003e+02
1.838596562685681590e+02
1.750964401873712291e+02
1.819767601852454675e+02
1.708157184445142036e+02
1.748916965655870115e+02
1.611689816523164893e+02
1.615679338408122021e+02
1.639970393895470124e+02
1.535685833093621397e+02
1.586096608318458436e+02
1.663178240205908196e+02
1.533965691453328475e+02
1.606279692632166984e+02
1.520520923742973878e+02
1.531835746367121942e+02
1.588301750579447855e+02
1.562536348389894840e+02
1.607853441037055404e+02
2.028298727649434170e+02
2.160024760807709470e+02
1.938860389292583477e+02
2.084570934939816880e+02
2.155045257157261176e+02
2.025514982249885918e+02
2.125006543536516688e+02
2.019678386484674490e+02
1.869024447294410720e+02
1.975838362458746360e+02
1.797480333253548395e+02
1.848444837505870737e+02
2.011414618405704857e+02
1.943182747926554441e+02
1.851832987629452703e+02
1.827883921427699931e+02
2.006314107989799709e+02
2.051245937077835890e+02
1.992360881632265546e+02
2.020065899083898842e+02
2.076996040456395747e+02
2.104208780371654086e+02
2.026531123184846308e+02
2.084482913112831568e+02
1.935527229830542808e+02
1.965827742360238517e+02
1.872959797323056534e+02
1.931837220378721156e+02
1.986693246169451754e+02
2.078862648965283881e+02
1.976716318596971860e+02
2.075064043277028816e+02
1.702977720146337219e+02
1.689070982346851508e+02
1.619678126894934280e+02
1.563209814701878599e+02
1.668676033714492348e+02
1.750841865369421271e+02
1.603865175706304456e+02
1.772994653216591701e+02
1.576403809603348520e+02
1.575537676020854292e+02
1.612332404267346533e+02
1.677004923861302359e+02
1.687921583747428542e+02
1.817346002955303277e+02
1.779142593671380155e+02
1.845400257075308161e+02
1.865918377214710802e+02
1.920859511518631280e+02
1.873316102322388872e+02
1.912445856657054151e+02
1.971431508552861658e+02
2.053984019906827996e+02
1.952699372706465795e+02
2.013494333778396026e+02
1.878643999497799371e+02
1.901386304768919331e+02
1.880601732685897787e+02
1.890300123491783495e+02
1.929276327790178129e+02
1.986229290900393778e+02
1.914137525581269585e+02
1.979825391844355238e+02
2.182602317248176860e+02
1.921544318380798870e+02
2.095162319592955669e+02
1.879176751834117169e+02
1.808348511126123412e+02
1.697683579054484539e+02
1.767059709909621574e+02
1.629076591704527743e+02
1.994568725118985526e+02
1.825666623990164794e+02
1.862712470603861732e+02
1.737780017298854602e+02
1.701580692681200446e+02
1.571323981047037535e+02
1.618127256633322872e+02
1.519438412105676832e+02
1.561908015800359522e+02
1.528455364917218446e+02
1.522887675661318383e+02
1.538067460701581410e+02
1.588681615582079303e+02
1.628765297066534004e+02
1.592061729637591441e+02
1.647516301974057740e+02
1.511885775837596100e+02
1.535936702257618549e+02
1.491755971183734175e+02
1.513697868640858815e+02
1.589146095229009177e+02
1.689968130084684219e+02
1.580876652675526373e+02
1.688172892479885263e+02
1.749989494728091586e+02
1.642392302890509654e+02
1.661058916288359342e+02
1.545008260207809201e+02
1.538069369050995476e+02
1.485591445952678953e+02
1.491009999972138473e+02
1.487174705090116902e+02
1.554559558290006578e+02
1.491320828282335356e+02
1.496300904585312992e+02
1.486040494507667233e+02
1.489438814708686891e+02
1.490948165445535665e+02
1.489861711355082718e+02
1.485062883318269940e+02
1.482651096211282606e+02
1.500897751078946101e+02
1.487360911819198179e+02
1.487622993570300594e+02
1.556374328046223070e+02
1.655940941564976754e+02
1.522678816050662363e+02
1.616353001826819309e+02
1.484052746162668655e+02
1.493383326281384882e+02
1.485778508741434507e+02
1.505901800760509275e+02
1.542249199301076032e+02
1.624602980310189650e+02
1.560754168933037249e+02
1.640146145582466772e+02
1.666235862968202071e+02
1.755071484561092063e+02
1.725947140077675499e+02
1.795604480312564135e+02
1.825189265913998327e+02
1.849240256778081459e+02
1.832625633070987874e+02
1.839251764709891290e+02
1.771646110048450566e+02
1.803734513601531546e+02
1.761982399996864501e+02
1.794237032511581447e+02
1.831029202053243239e+02
1.838782526288341046e+02
1.821432421620305036e+02
1.835793466811030044e+02
1.868373502379231184e+02
1.883240700641246121e+02
1.851155418457829001e+02
1.880092091103113034e+02
1.912001071893942878e+02
1.966217332852714321e+02
1.916599243962733965e+02
1.951446975650546847e+02
1.847049397498425378e+02
1.884452264756662032e+02
1.852529541048227486e+02
1.889572267480940013e+02
1.925244950894096405e+02
1.956059671554952786e+02
1.931945962585108987e+02
1.963934886530279300e+02
1.738814242863544166e+02
1.779514369267031384e+02
1.710752163511319281e+02
1.762516671073888403e+02
1.801086579671551533e+02
1.828046114337015240e+02
1.796849360810685141e+02
1.830867222167245529e+02
1.698758740259804085e+02
1.759098644945226795e+02
1.716607124742980091e+02
1.776033601799130679e+02
1.809934577617800642e+02
1.842957195375465176e+02
1.817466230845553241e+02
1.852129610987166188e+02
1.862955657176596560e+02
1.901443197022836671e+02
1.870101688606296477e+02
1.909142495087945974e+02
1.933902363950385279e+02
1.974824982570397935e+02
1.944549255219992290e+02
2.020098130951948860e+02
1.876990521027889258e+02
1.919317293816699816e+02
1.893279842773636688e+02
1.933757280194147938e+02
1.975451182646689006e+02
2.083426766470450957e+02
1.996307428451049191e+02
2.105560371373948101e+02
1.517315790528110711e+03
1.183098568694567348e+03
1.207222979231413319e+03
9.219152238664066772e+02
9.492761612986871569e+02
8.282224328692459494e+02
7.201087908083829916e+02
6.104280121094199103e+02
8.255006310886479923e+02
6.761948879952082052e+02
6.085971780798842019e+02
5.299637184550540496e+02
5.644057700559309296e+02
4.928180005872088714e+02
4.671834648944239916e+02
4.259085097749235160e+02
6.794868778518514318e+02
5.389484943090519664e+02
5.190414018129609985e+02
4.500479981013197630e+02
4.649074710457407491e+02
4.406333274509715920e+02
4.250538614839085767e+02
4.202692644584863615e+02
4.467950600170050848e+02
4.160627586631927670e+02
4.093386451961327452e+02
4.032162903291410316e+02
4.067614724404032813e+02
4.042329016157288493e+02
3.958541634468982124e+02
3.821224554295180269e+02
4.912633073473188006e+02
4.549062254167081392e+02
4.133380393026274078e+02
3.943695843795624114e+02
4.116403786822371558e+02
3.808370213702878573e+02
3.642725008883765554e+02
3.438775356189674426e+02
3.484371619984647168e+02
3.339639657669926578e+02
2.989551888073423243e+02
2.909771133744591225e+02
3.195368103680235095e+02
3.150943695616106197e+02
2.881737494837125837e+02
2.952489227688705569e+02
3.720197923754059275e+02
3.751408703949286405e+02
3.408510926186752386e+02
3.460513625997037934e+02
3.705583386013997824e+02
3.551183209375297452e+02
3.453173289736567426e+02
3.385231556312336920e+02
3.233085236036865240e+02
3.306228890611875499e+02
3.076894336147749982e+02
3.117340132129173753e+02
3.288093861513744400e+02
3.262199817680885303e+02
3.101993086773204595e+02
3.108160496063558753e+02
4.303467260156880343e+02
4.162143326558729086e+02
4.101916013709741833e+02
3.957592013724341200e+02
4.000458715040576294e+02
3.849874615000716744e+02
3.831752748767137859e+02
3.727061501326939492e+02
3.928415632537472106e+02
3.797634415974328590e+02
3.707787605721272826e+02
3.636032510749901689e+02
3.685250205857363994e+02
3.600619469128008063e+02
3.549174017282605291e+02
3.467534785111481028e+02
3.711762034312613991e+02
3.556746895691243253e+02
3.633037362019975944e+02
3.496882528340811973e+02
3.399970846264585589e+02
3.200166370723940759e+02
3.323620074514975045e+02
3.116781778640502125e+02
3.533107387623864497e+02
3.395802805073689683e+02
3.369111947996707386e+02
3.240272847049515121e+02
3.231609099841467696e+02
3.098031366099920660e+02
3.150276778586846262e+02
3.056695535777693067e+02
3.501567939112314889e+02
3.476032822496918016e+02
3.378181543584918813e+02
3.330315046001740598e+02
3.388608021514176585e+02
3.293519902243090200e+02
3.220790385466664816e+02
3.133465471312653676e+02
3.255348990604908295e+02
3.179219162318119061e+02
3.090882204350601228e+02
2.998438259858203878e+02
3.061201014062312993e+02
2.987177807958404401e+02
2.871524303977562909e+02
2.791593029679686424e+02
3.193400683850270525e+02
3.107304990140026462e+02
3.046763532573663156e+02
2.945579676732973553e+02
3.042802329616555426e+02
2.942345165908125182e+02
2.875802340091000815e+02
2.811747527735046219e+02
2.870848505260960906e+02
2.733589156772654292e+02
2.666917635590975806e+02
2.566069862543715772e+02
2.687153891524449705e+02
2.739456088909628306e+02
2.569475139890449782e+02
2.780557739598419857e+02
2.686762113148821527e+02
2.670813370238407174e+02
2.496699180796897224e+02
2.509141660770430633e+02
2.707533795510732375e+02
2.821679846300536951e+02
2.574844685623129408e+02
2.699055440437318225e+02
2.387591115176232961e+02
2.395228217738862497e+02
2.306020724933280803e+02
2.304912767849290560e+02
2.459149147373663880e+02
2.584714747958936414e+02
2.357512432116412242e+02
2.483927452052915328e+02
2.914799528158582120e+02
2.935228332733068441e+02
2.789858376696067239e+02
2.822887562056811817e+02
2.947631848755031001e+02
2.954493703432339657e+02
2.838020239513941192e+02
2.841093347676597887e+02
2.687481061306247057e+02
2.731375617564926870e+02
2.603347265040318916e+02
2.648578844299966022e+02
2.745635855480583132e+02
2.779873816196089820e+02
2.684215563476507782e+02
2.794596742163822682e+02
2.223580855279760442e+02
2.237384692044206815e+02
2.169385562225366186e+02
2.219275130408396137e+02
2.316346304853896072e+02
2.463043197060448506e+02
2.363626765965038601e+02
2.488590091199228311e+02
2.154748929454210042e+02
2.255656284951532484e+02
2.163964838192173374e+02
2.211946289666892653e+02
2.375887534940275145e+02
2.406367403611106965e+02
2.236759295847757301e+02
2.231382558928597177e+02
2.566647238373495838e+02
2.615409795074745603e+02
2.526539419141788869e+02
2.591752594312362135e+02
2.729362318739200646e+02
2.900764094466751999e+02
2.767941463663142372e+02
2.928735188735903989e+02
2.385921440939098090e+02
2.418705462793322454e+02
2.195348402197160453e+02
2.146594287106696299e+02
2.557636463915704041e+02
2.727651781456411868e+02
2.183004412703636206e+02
2.303076737873232389e+02
2.938448175691772803e+02
2.857517543886182239e+02
2.855246057520682257e+02
2.805135978758156625e+02
2.718247965204972729e+02
2.621700903030717313e+02
2.665299203536446839e+02
2.546417372481674875e+02
2.836471571142968742e+02
2.823049760409361966e+02
2.914247653295791451e+02
2.921375304899933099e+02
2.706718073724348415e+02
2.549924741867258717e+02
2.808997372661341956e+02
2.621724195888912732e+02
2.538949405941549173e+02
2.494060472892020357e+02
2.490121003368608399e+02
2.494578264664059191e+02
2.565911693823335327e+02
2.931969975912499535e+02
2.660809969938177346e+02
3.141480433675810104e+02
2.492969741046695447e+02
2.583522456434578771e+02
2.579037081798493318e+02
2.753416369835110800e+02
2.858719470852869904e+02
3.324254895532613432e+02
3.078357873534013152e+02
3.278385294117738340e+02
2.983639448993383212e+02
2.978136075604302277e+02
2.963238304425951810e+02
2.941912117465214465e+02
2.908024472796668078e+02
2.769521825240407793e+02
2.931534582359758474e+02
2.874628081359950329e+02
2.768321592106950675e+02
2.679505157330434031e+02
2.312106637019900575e+02
2.194162873011640329e+02
2.618883566644859684e+02
2.609627495393132790e+02
2.132810247458715196e+02
2.146742928084757409e+02
2.745207121507716010e+02
2.920418513354043171e+02
2.832156861114703474e+02
2.890194467269766392e+02
3.095577481973775207e+02
2.921470403035504546e+02
2.842266394978349808e+02
2.553437024087577925e+02
2.594044296416738575e+02
2.588859268633374313e+02
2.175759990399851915e+02
2.219844615573460374e+02
2.512077152891860692e+02
2.340169403458877184e+02
2.242651652330363561e+02
2.216548061572171093e+02
3.299417151916781563e+02
3.481070610685957263e+02
3.529796606968407104e+02
3.822667867794189078e+02
3.596710924071083468e+02
3.616067376560940829e+02
4.026790971080209260e+02
4.083893127993917460e+02
3.670813570185493404e+02
4.028157500010623266e+02
3.844571939211336939e+02
4.199813779606440676e+02
4.327872827514148639e+02
4.494070511390788170e+02
4.553866476716412990e+02
4.934731316888198762e+02
3.622928982531601036e+02
3.717140327174998902e+02
4.127751846491220249e+02
4.359702522710213657e+02
4.058264670503711500e+02
4.692010243668610769e+02
4.958021458751901491e+02
5.743221210481050321e+02
4.651183132673420459e+02
5.134400761057189584e+02
5.389635080552610589e+02
6.047075615348398969e+02
5.957977390797057069e+02
6.777865029526757326e+02
6.776478618747335076e+02
7.799986701585818309e+02
3.972390177489235725e+02
4.326494614978417417e+02
4.003051881206956750e+02
4.416008213120303481e+02
4.762555331620705488e+02
5.406612432990125399e+02
5.055195879284308944e+02
5.974997044040400169e+02
4.088972841109962815e+02
4.667228969958430298e+02
4.419808260502017561e+02
5.184637782499809191e+02
5.535264331620173834e+02
6.671000235769377014e+02
6.206824712729322755e+02
7.548671691047018157e+02
6.181744709834176774e+02
6.817642272308913789e+02
6.922312516503569668e+02
8.155069701258399846e+02
8.109098068578642824e+02
1.098876589086977901e+03
1.235931180696712090e+03
1.957577032521061028e+03
7.900008095076087784e+02
1.018525165314495098e+03
9.208483066115632028e+02
1.261215757003329827e+03
1.896374842534854679e+03
3.266151477666440769e+03
2.408937134814675119e+03
4.444266347932147255e+03
5.459592536116853125e+02
6.293193307661293829e+02
6.495063644564706919e+02
7.649119338394392571e+02
7.662185286573654821e+02
1.028678360359103863e+03
1.017054863541387704e+03
1.433763246800210709e+03
7.694531292354909056e+02
9.548424858521808574e+02
9.480832412054397764e+02
1.241563720809539063e+03
1.338855154160274651e+03
1.848288445040938996e+03
1.753761108557447869e+03
2.251926293326705945e+03
1.392406101659948263e+03
1.764518279781571437e+03
1.857444660583990299e+03
2.129035862752619323e+03
1.901387185322120786e+03
1.678941553425228221e+03
2.092882531344032486e+03
1.673508529832637578e+03
2.221871247655566094e+03
2.296497532528372176e+03
2.354901541835240096e+03
2.120365214371230195e+03
2.015702233399876832e+03
1.503208985254487288e+03
1.726294815430495873e+03
1.277417018609954766e+03
1.439262902173586781e+03
1.844996488767373876e+03
2.520811475411452193e+03
2.859754567033990952e+03
2.308845676232339429e+03
2.500893275214757978e+03
2.784950849301449125e+03
2.288346942344427134e+03
3.806777654989912207e+03
3.501599167002596459e+03
4.721667404330503814e+03
3.183136570809945624e+03
2.661907648600116318e+03
1.772555305108761331e+03
1.905375376245406869e+03
1.244112104166325480e+03
2.176410357128457690e+03
1.734440188021000495e+03
1.713499542072099985e+03
1.337083350965404861e+03
1.388952211035069240e+03
1.069312161482900592e+03
1.117177741358808589e+03
9.183422394721067121e+02
1.272923272915422785e+03
1.039289729325484132e+03
9.753116234086064651e+02
8.201539328569588179e+02
8.905666348596788566e+02
7.726579203834783129e+02
7.019727369080843573e+02
6.346844902264850816e+02
5.046797042405411275e+02
5.996634861487386843e+02
5.924336151977081499e+02
7.233272104914891543e+02
7.243026857669800620e+02
9.023804516871456372e+02
9.041703344904170763e+02
1.215570356478752501e+03
7.300712485838912471e+02
9.370800887279687004e+02
9.856501183525830356e+02
1.388063575811935607e+03
1.221683099106097188e+03
1.774570422351371008e+03
1.831144586156082141e+03
2.460196089194200795e+03
1.217423042075054354e+03
1.933498218007859123e+03
1.817133764568377046e+03
2.806022755444897939e+03
3.013333605027612521e+03
4.142739541395070773e+03
3.466393248569659136e+03
3.080499586499737688e+03
2.491024472900123328e+03
2.996505120899659232e+03
2.835073800372393634e+03
2.488726011559077506e+03
2.826335582763621915e+03
2.008643464287029246e+03
1.823995115243420059e+03
1.246939506949254110e+03
1.266219288175907423e+03
1.946414094180073334e+03
1.435689525704617381e+03
2.191416494491956200e+03
2.546266242246041656e+03
2.839682006804201592e+03
2.722401361373030340e+03
2.630313552254852766e+03
1.544417790859192564e+03
2.018067160590977892e+03
1.592613182109535956e+03
1.561516338584526466e+03
2.201589743297070981e+03
1.982383808021031655e+03
1.452926021401242224e+03
1.282257534041180406e+03
2.561051942576956662e+03
1.812797707613693774e+03
2.031022548275406962e+03
1.327405102025324595e+03
1.212914345365662484e+03
9.084572672781337133e+02
8.952346093660228235e+02
7.000140121708881225e+02
1.489392406150457873e+03
9.882133453873079816e+02
1.001025696748072278e+03
7.136461266304170294e+02
6.871898813949635496e+02
5.535795638705275223e+02
5.437672073140064413e+02
4.764472549036497639e+02
4.044105908888666363e+03
2.335845041780718930e+03
2.298926728945012655e+03
1.414831881806049523e+03
1.232786171760850948e+03
8.936425904771222122e+02
8.771560237699181926e+02
6.793716652345243574e+02
1.338645976323840841e+03
9.675300444991551103e+02
9.491716242252311986e+02
7.938028898112256684e+02
7.215790093819425692e+02
5.700702446702548514e+02
6.664392251940901133e+02
5.397742116990733621e+02
7.529046226811931319e+02
6.451548832829591902e+02
5.829564638509647239e+02
5.278088951553428387e+02
5.652845042468277370e+02
5.252851348138857475e+02
4.832283389970156122e+02
4.548846652575331291e+02
4.942126981115949889e+02
4.720311862581143600e+02
4.643621207506475912e+02
4.519968141589410493e+02
4.473185896544413254e+02
4.235530127907199471e+02
4.324809737383405377e+02
4.050146486029958055e+02
7.551577245439450508e+02
6.645594812198415866e+02
6.035292737237718939e+02
5.549417030594717062e+02
5.933648780837892218e+02
5.053658528854237488e+02
5.105884922916350206e+02
4.544432974376168772e+02
5.051606185667351383e+02
4.857003040699764256e+02
4.581423195733667626e+02
4.459476924141147833e+02
4.557520985006199794e+02
4.165909207407167969e+02
4.230440016280051623e+02
3.979576452880298802e+02
4.415044983908464928e+02
4.340180760884426263e+02
4.126333465900675037e+02
4.061487125858297986e+02
4.173335771402943237e+02
3.845003148220720277e+02
3.917884149425452165e+02
3.599033128855212453e+02
3.897685876564187879e+02
3.812937074850487988e+02
3.802968438248951770e+02
3.659528162131219347e+02
3.672310145894912807e+02
3.405745988764337540e+02
3.499287690512950348e+02
3.288146019274461196e+02
2.482265942226926541e+02
2.325371460456138948e+02
2.684922278572678351e+02
2.445269096186211470e+02
2.387527129526560543e+02
2.703150699813546680e+02
2.427186004562844346e+02
2.689629247616553016e+02
2.894757423667342664e+02
2.699651996771310678e+02
3.026894768325476548e+02
2.994650249072795987e+02
2.639419540881647777e+02
2.836688755694611359e+02
2.995557161161143540e+02
3.162532154640472299e+02
2.958977489651564952e+02
3.086849635421800144e+02
3.000321970427952465e+02
3.195123906173778892e+02
3.212166807384389813e+02
3.371583051231266381e+02
3.346680891722479032e+02
3.561551817591000599e+02
3.155283418146087229e+02
3.400612110922337479e+02
3.440857595858340119e+02
3.676411658166031202e+02
3.584624969777904084e+02
3.796227113249804006e+02
3.861539289029701649e+02
4.035776039071684522e+02
3.110672284520557014e+02
3.201057033203028936e+02
3.204749049643350531e+02
3.399548368470099149e+02
3.281246353269059455e+02
3.456458540620221811e+02
3.515895446817131074e+02
3.703689757491751493e+02
3.362443815393021964e+02
3.711644665294397782e+02
3.629363538958443769e+02
4.156008083257052022e+02
3.887012430935103566e+02
4.079492397204045915e+02
4.520934893821810192e+02
4.755186121069869500e+02
3.726410564775704870e+02
3.995243325166144359e+02
4.011369390685330245e+02
4.361990890100469755e+02
4.232398614545177224e+02
4.420389295570803938e+02
4.706016276740234048e+02
5.170179656284452676e+02
4.411738330504096552e+02
4.833451600755375921e+02
5.062360451631089404e+02
5.803164503361318793e+02
5.245006342912174659e+02
6.083475972485152852e+02
6.555653602978815115e+02
7.247482252944121228e+02
3.578789379013825283e+02
3.919471571003733175e+02
3.831751131214945758e+02
4.220781404403876422e+02
4.419650417849035193e+02
4.963798040177154007e+02
4.810642478676892893e+02
5.493532504694062482e+02
4.077530351586446500e+02
4.535914866803866516e+02
4.296726873007172003e+02
4.869623459154984175e+02
5.295361773140504056e+02
6.173201393107866579e+02
5.937794728361326406e+02
7.025517199459562789e+02
5.518027897445045937e+02
6.195152281270039794e+02
6.207994107395265928e+02
7.011003239440198058e+02
6.934639325796105140e+02
7.474243854139792802e+02
7.595850533385636254e+02
7.521656728509884715e+02
6.952500197858857973e+02
7.574151110480606803e+02
7.694681765156230995e+02
7.880139703094577044e+02
7.876074026110438808e+02
7.470037475128556252e+02
7.719376017440057467e+02
7.125567961941793556e+02
4.680188018098814950e+02
5.450920231934812819e+02
5.717570063091615111e+02
6.509146124772920530e+02
6.789569455521004784e+02
7.796648902514021984e+02
7.581346841476632790e+02
8.114897687952777687e+02
7.197427179526148393e+02
7.694633361423713040e+02
8.132530702983725632e+02
8.251473194930738373e+02
7.760856024052058046e+02
7.655445230996464261e+02
7.413536052036174624e+02
6.563689034268251135e+02
8.064089524651681131e+02
7.775524232088073404e+02
7.857620072370521029e+02
7.126564619119239978e+02
7.172502829276360217e+02
6.478341333078676598e+02
6.276994276386620868e+02
5.670914211714526800e+02
7.133543111394793641e+02
6.284785053714400647e+02
5.987947312338505981e+02
5.399307697077837247e+02
5.464446088559839154e+02
4.899385119955887262e+02
4.774499754667957063e+02
4.246157123257954709e+02
3.938384962762419832e+02
4.657865395584042858e+02
4.024359047853955076e+02
4.915987084673603817e+02
5.273720846028903679e+02
5.592826709000664778e+02
5.830196893337597430e+02
6.586237258047300429e+02
4.100925057871037325e+02
5.123227140737923264e+02
4.522763559315973225e+02
5.572892079374370269e+02
6.541788715932574405e+02
8.337663683420076950e+02
7.463810346379683551e+02
9.870360776401065550e+02
6.176268585012629728e+02
8.065757290000896091e+02
8.249940132007675402e+02
1.158190188546368745e+03
9.429287675169563272e+02
9.102086977735626760e+02
1.281546788161260793e+03
1.068244288224456795e+03
1.077993855134906198e+03
1.334219885878467494e+03
1.147978524235454415e+03
1.165464512324599582e+03
1.302092486359385703e+03
1.014211063188666799e+03
1.013217512175956699e+03
7.920372926984672404e+02
5.562805583470325246e+02
6.568710591601422948e+02
7.847673140125285727e+02
8.803717215618275986e+02
8.152918414467294497e+02
9.850324874267109863e+02
8.770591563632108318e+02
8.440573694361404478e+02
1.128298322071804932e+03
1.147301189775540024e+03
1.368789932369909138e+03
1.202247069006576794e+03
9.535951821401096140e+02
7.620896658473280922e+02
9.281830761052935941e+02
7.416356150695974065e+02
9.862869064404439996e+02
8.633704720446392002e+02
7.607155924978710573e+02
6.427104103753197251e+02
7.145357925836780169e+02
5.828163212812766005e+02
5.433728383158321549e+02
4.737551702550438790e+02
6.467002741242284856e+02
5.589389853986630214e+02
6.411922073447964294e+02
5.659390265581527046e+02
4.909713101854401884e+02
4.464762561612710101e+02
4.978406959422276259e+02
4.421762433323655159e+02
8.475018865635371412e+02
7.797642767717237575e+02
8.498659265430462710e+02
6.946050459745623584e+02
6.570705280441989089e+02
5.404726001099145378e+02
5.592813026842439967e+02
4.660377216712100221e+02
7.717475771932209909e+02
6.126481467760225996e+02
6.360129408474047068e+02
5.393501453032009749e+02
5.028570365581940678e+02
4.388596371467014023e+02
4.770062589853034751e+02
4.394534749876182218e+02
4.877483556554522579e+02
4.582621136723847712e+02
4.260963570651533132e+02
4.077153087161968301e+02
4.202488902898125502e+02
3.824701126165662117e+02
3.850482536404851430e+02
3.609992562252664925e+02
4.059727043587179196e+02
3.888597606131786506e+02
4.177519001767475970e+02
3.996772007885058997e+02
3.710080514973745949e+02
3.483419154559552453e+02
3.717045835767470976e+02
3.390845625579441958e+02
5.118867941051718162e+02
4.750300778989059154e+02
4.467799119609975378e+02
4.356111878084135469e+02
4.533675229734546974e+02
4.436719560941463669e+02
4.280155481319637261e+02
4.262127494698570445e+02
4.231095828147956581e+02
4.089689269177254118e+02
4.000763092259912241e+02
3.707592679687392092e+02
3.957798147534262512e+02
3.840440212104612101e+02
3.497710361565999051e+02
3.329032357880060431e+02
4.488130915399721061e+02
4.322517766672878565e+02
4.374741650350377427e+02
4.220374670167480531e+02
3.797260277501852102e+02
3.348708397495713029e+02
3.659829258727780825e+02
3.245253932812282756e+02
3.774523334430940054e+02
3.611522336777120472e+02
3.186539512972074135e+02
3.060380796147811111e+02
3.272184332596006016e+02
3.016492162014811811e+02
2.889924364189670882e+02
2.750698743429534261e+02
2.459019865331128756e+02
2.397286295491136059e+02
2.613181278846554960e+02
2.591187886243158118e+02
2.412725669265131501e+02
2.480769816460128823e+02
2.653593328851040951e+02
2.750193180132683324e+02
2.784375681247094576e+02
2.864578312279207921e+02
2.993890276684883816e+02
3.158858084235027377e+02
3.040131412940245923e+02
3.173202417841455372e+02
3.395548156074028157e+02
3.537785691724556614e+02
2.583832060748582649e+02
2.698967753999668844e+02
2.874756246809718050e+02
3.001071819688575033e+02
2.840139785367369996e+02
3.062262014048230867e+02
3.111659016632902421e+02
3.285544776018253970e+02
3.285178178533421942e+02
3.380208024529870841e+02
3.607808184314729942e+02
3.646100463139878229e+02
3.454991008470255451e+02
3.568416395682829148e+02
3.695916954288792908e+02
3.822133651194741901e+02
3.165991975748189589e+02
3.286668172698435342e+02
3.188135532042011846e+02
3.209325834375385398e+02
3.502536879563450611e+02
3.665924811074992249e+02
3.412475278761395998e+02
3.650616101292546318e+02
3.092698305233628275e+02
3.120941413072740716e+02
3.078975696275185783e+02
3.172899412860977577e+02
3.372778369301976795e+02
3.687138663434902242e+02
3.466221279124221155e+02
3.832604400369466475e+02
3.746161525272693780e+02
3.794224919686575390e+02
3.830615386101970330e+02
3.987329456889179937e+02
3.872029270534184207e+02
4.114202982963128647e+02
4.161025481301693389e+02
4.510260177015249496e+02
3.976749257839906591e+02
4.232403225845119437e+02
4.215458072266903855e+02
4.528539034268019918e+02
4.443865163362584667e+02
4.718167568655653099e+02
4.677534565331313843e+02
4.723522620271214691e+02
3.358533251057983193e+02
3.551423264403766780e+02
3.554733213143605894e+02
3.770537772765721343e+02
3.546648186835628280e+02
3.564122111613538664e+02
3.781775255990055484e+02
3.814237193595464532e+02
3.810666839606865892e+02
4.064912265405874336e+02
4.127963386817723972e+02
4.465726003218760525e+02
4.113579861157643336e+02
4.178874084949231360e+02
4.589611173813408982e+02
4.670591820270273047e+02
3.745843481975526856e+02
3.948433811835455458e+02
3.996417966259300556e+02
4.111547562396019089e+02
4.061746560524352390e+02
4.032905914842952484e+02
4.047279285996684166e+02
3.771442567968695130e+02
4.297995965362562174e+02
4.165823080217675169e+02
4.587631788134473254e+02
4.105940818509577070e+02
3.827398085127149443e+02
3.372908387795930594e+02
3.528722192790524446e+02
2.987074897685955648e+02
4.540611867292535067e+02
4.886971285369053817e+02
4.900079258527293291e+02
5.079947528579936602e+02
4.941127733761210266e+02
4.811333204252031237e+02
4.897908755389087787e+02
4.465857837104143755e+02
4.927190327582999885e+02
4.901748717335514698e+02
4.664238359743216051e+02
4.425617414367406468e+02
4.559259741567135507e+02
4.069096802505333130e+02
4.081388754414043092e+02
3.765157763775534931e+02
4.404914718862982568e+02
3.776274843803948329e+02
3.939342365240768231e+02
3.425749006139896551e+02
3.190000432067101883e+02
2.690114212124818778e+02
2.961383652765654233e+02
2.545251570955139186e+02
3.676591917960940350e+02
3.323798789282882922e+02
3.536055431452160178e+02
3.269742109835997326e+02
2.938582649473418655e+02
2.533863220028924843e+02
2.963821312936569825e+02
2.588358308054379222e+02
3.328385263357662893e+02
3.463903287938318840e+02
3.798069736834233936e+02
3.955013158723776314e+02
3.749805307385028641e+02
4.131344197973612609e+02
4.182588760331575486e+02
4.541611734185352702e+02
4.292387988400716949e+02
4.457169400635494299e+02
4.816710846943958018e+02
5.077667833759120413e+02
4.631953097174625213e+02
5.011888129386420019e+02
5.293789122465689161e+02
5.688895005677044310e+02
4.578880529532501100e+02
4.900570811744898947e+02
4.979090696743561466e+02
5.213290711512626103e+02
4.944347603118750953e+02
4.752323451836373351e+02
5.092808202630104688e+02
4.691522312322865105e+02
5.373692031865045919e+02
5.324242601685003820e+02
5.782835305694690078e+02
5.287100694087995407e+02
4.943889997051711021e+02
4.445953578471660421e+02
4.664598700497947448e+02
4.160868798003019720e+02
5.312961023147524884e+02
5.676078029459238223e+02
5.762067511596239910e+02
5.984093963981250681e+02
5.918149482414221438e+02
6.121276745165891953e+02
6.024983675198574247e+02
5.911557470118663105e+02
6.391839133764424332e+02
6.254262161751818212e+02
7.069700873720905747e+02
6.327129935273746923e+02
5.973334350501215795e+02
5.621634215937023100e+02
5.754014991646658927e+02
5.394304448784814667e+02
5.835484291498248695e+02
5.132016369950475791e+02
5.518545036414269589e+02
4.979036970242687516e+02
4.495938907832128848e+02
3.998363014739906589e+02
4.460349744945432917e+02
3.951305835987728301e+02
5.219035327784591800e+02
4.854763323072990602e+02
4.989903419191058447e+02
4.659594542489862761e+02
4.413744917774495207e+02
3.917765965465812883e+02
4.262880570966796085e+02
3.817842083852758606e+02
4.437285088293356807e+02
4.062574150507696800e+02
4.256110837445199877e+02
3.892375233055129797e+02
3.716722342679376538e+02
3.482530695381774990e+02
3.562415159016963457e+02
3.264226340574702476e+02
4.016261919309184236e+02
3.706243209323932888e+02
3.761717426908656989e+02
3.455467009802791267e+02
3.449539907442803042e+02
3.133080631230536710e+02
3.227742912649610503e+02
2.963761046182204382e+02
3.296607397360004370e+02
3.068058154312220154e+02
3.024969233904661792e+02
2.806131786317776573e+02
2.850911271589561693e+02
2.567845339159866285e+02
2.634857826879529625e+02
2.416974278473710740e+02
2.804877340798561249e+02
2.556091076336569472e+02
2.636077088237457815e+02
2.375288191148229373e+02
2.398627762741278104e+02
2.230202162391417176e+02
2.201631316828431295e+02
2.033293514933794768e+02
3.590596306590867357e+02
3.257309889643966017e+02
3.503281918826081096e+02
3.144877175290604896e+02
3.007062421133824728e+02
2.783489248196311792e+02
2.885090147710799897e+02
2.702307970728217583e+02
3.474063034901843139e+02
3.124378659603540314e+02
3.417061843490753859e+02
3.116382345404671810e+02
2.877710813425939023e+02
2.688319057203050875e+02
2.909628672571244579e+02
2.685427468704243665e+02
2.525925204194559512e+02
2.279944519359618198e+02
2.488675930798399065e+02
2.238615835984456055e+02
2.071778700106054600e+02
1.889519839617174739e+02
2.004014656669242527e+02
1.809617466924852636e+02
2.466582894149539698e+02
2.203371229604184975e+02
2.438260826824593437e+02
2.179472354169706136e+02
1.933906982042867071e+02
1.704848108127910962e+02
1.883608329830469188e+02
1.614895631185128195e+02
1.729279362062976588e+02
1.676421963587459913e+02
1.604481231195225632e+02
1.582421862366217056e+02
1.652502415478780335e+02
1.701048109400744579e+02
1.656901277155073444e+02
1.837340723220462166e+02
1.503899550987871123e+02
1.576898377905063171e+02
1.525993447754128454e+02
1.706383219200487531e+02
1.776680611340307507e+02
2.010946785703546311e+02
1.956605240257941034e+02
2.167345855961507652e+02
1.853253775080807202e+02
2.048072083508647836e+02
2.041096390871500148e+02
2.223149012930875301e+02
2.250675627128195515e+02
2.483655678980692869e+02
2.427530093269282361e+02
2.674305076022014305e+02
2.207195028954090219e+02
2.390078423817142550e+02
2.361143916190098082e+02
2.578491368563487640e+02
2.618918305094649668e+02
2.903231808263237781e+02
2.851888454495624501e+02
3.188267896658088603e+02
1.638926038291032796e+02
1.872076814680889356e+02
1.800355960799380171e+02
2.067832265816984432e+02
2.129165899405104199e+02
2.338389838081278924e+02
2.327446423200000822e+02
2.558787950802067712e+02
2.002506190293148336e+02
2.295742169114105025e+02
2.239967943444905245e+02
2.534286322655786421e+02
2.554213420676578323e+02
2.801864641589817211e+02
2.787033576581856664e+02
3.046400156947905771e+02
2.557513735872155110e+02
2.823559057309018954e+02
2.829204971325744964e+02
3.168626218264561771e+02
3.150307830866669292e+02
3.540778197605703213e+02
3.563144841372009068e+02
4.049651890067910358e+02
3.136236815606993673e+02
3.588024581257222962e+02
3.440739762220018747e+02
4.153628379139108802e+02
4.138275514309239611e+02
4.756655258729742854e+02
5.123454196928450983e+02
5.650284657963341033e+02
2.752984057522677972e+02
3.054450372615609695e+02
2.948879759691120057e+02
3.258056896987177424e+02
3.418913599806977572e+02
4.086400414081588792e+02
3.690737272672267864e+02
4.776875680904022374e+02
3.208164417446645302e+02
3.549099673083932203e+02
3.552620901033138239e+02
4.100907166603335554e+02
4.240087185091466040e+02
6.179643892974600021e+02
5.417659306639836814e+02
7.924895006248341360e+02
5.763258408884641995e+02
9.412466351609493813e+02
7.256906925854846122e+02
1.084263360174412583e+03
1.464576789118875240e+03
1.712031571421894796e+03
1.442344224103923807e+03
1.491187429229779127e+03
9.306849907230104009e+02
1.148044488639368637e+03
1.024702523160554620e+03
1.032165910762419799e+03
1.161723976241462879e+03
1.028539489231753350e+03
8.800548146991446856e+02
7.258804606336630059e+02
4.070177577486599603e+02
5.063389516247189022e+02
4.875920230124230557e+02
6.104863762271378391e+02
6.676551345337338716e+02
8.222829340387311277e+02
7.007454869725968365e+02
6.833880876892516198e+02
5.648370600463782694e+02
6.417813885413530670e+02
5.859365760870610984e+02
5.780356365823857914e+02
6.193571306269018351e+02
5.276925751861141407e+02
5.061925082637313267e+02
4.311917219322214123e+02
8.557877224903562592e+02
7.651498418995892052e+02
5.971689120146231744e+02
5.306322225652728548e+02
6.383436655964934516e+02
5.436853209315728463e+02
4.778274780522272636e+02
4.335318380105857727e+02
4.521873813020373518e+02
4.162740743185075871e+02
3.881989837931782290e+02
3.548420634134261036e+02
3.874302700857738273e+02
3.623804382656932148e+02
3.262084916278423634e+02
3.092030971793739695e+02
2.499579396672061478e+02
2.773755675085440089e+02
2.760195117193202918e+02
2.976643503938616959e+02
3.023371519836589414e+02
3.323084509694979829e+02
3.206364564958041115e+02
3.546794804943090753e+02
2.981455718438292593e+02
3.117766779901691621e+02
3.161988737861278764e+02
3.246607519104792345e+02
3.295144115169930501e+02
3.587847023990699427e+02
3.375605925793440747e+02
3.545374648711396048e+02
3.881295484866623156e+02
5.189819892005112933e+02
4.283653499117096430e+02
5.953825808444320273e+02
6.793256597757446116e+02
6.872371806401195045e+02
7.491721778870132766e+02
6.904737405175405911e+02
4.135603700252425483e+02
5.164432707628141088e+02
3.762042993749006996e+02
3.932069931602293309e+02
5.897676097860062328e+02
5.225520937879322219e+02
3.971298243421691723e+02
3.626399814075484755e+02
3.430153556468262082e+02
3.547508857818138495e+02
3.838806140064800729e+02
4.043360940886872754e+02
3.611082746977978104e+02
3.513343362559000980e+02
3.953023492934955812e+02
3.498749928559464024e+02
4.122358762158904710e+02
4.246715389342800790e+02
4.094663640606109993e+02
3.953868085520262525e+02
3.948084109670921293e+02
3.318529354068706425e+02
3.559008025315368968e+02
2.994073271249249046e+02
3.402063161364030179e+02
3.265587166665757763e+02
3.101296058875217341e+02
2.865114392662557634e+02
3.080468068397669867e+02
2.869310540820417259e+02
2.684410911460133775e+02
2.538737791035214286e+02
2.828148686846414535e+02
2.543883813070516453e+02
2.554162932463408140e+02
2.270060882869924797e+02
2.366098751843167634e+02
2.289692733750837306e+02
2.088304768918102070e+02
2.065439540493682955e+02
5.812594489333930596e+02
5.043209926709135971e+02
5.365852522404585443e+02
4.507502991251389517e+02
4.356197659060989054e+02
3.788958703929141620e+02
3.950580582991989900e+02
3.406047343699146950e+02
4.256333752957970091e+02
3.832975524221139381e+02
3.267243406171314746e+02
3.181652141657886546e+02
3.508258812526430575e+02
3.057693718038249813e+02
3.074474343322084451e+02
2.773078957748758739e+02
3.365578500996631419e+02
3.000149923754854058e+02
2.951734205807997000e+02
2.635012811940374604e+02
2.782499529094939135e+02
2.715692442891105998e+02
2.491680172502698838e+02
2.481229001068202251e+02
2.674360396705428116e+02
2.448654306159720022e+02
2.482425526403872311e+02
2.343132703689892935e+02
2.370160100388328033e+02
2.375055917307240918e+02
2.310253921808688915e+02
2.305052452499955393e+02
2.721565687131115965e+02
2.758628607792524576e+02
2.466920404419640818e+02
2.517856714171667818e+02
2.792785848692667514e+02
2.606606579428987516e+02
2.554709632016550813e+02
2.419762410291535275e+02
2.289901827065399971e+02
2.336092611138359416e+02
2.144481207738289186e+02
2.223554055641909315e+02
2.301642804064474319e+02
2.158907985410623667e+02
2.177113231522290278e+02
2.035537034820772249e+02
2.368379574943008663e+02
2.267230720353964557e+02
2.256269784583344062e+02
2.189839611933387857e+02
2.239038421948817472e+02
2.223190508001376315e+02
2.169292539772930013e+02
2.163081898148616347e+02
2.117406964250087924e+02
2.131625614138641822e+02
2.033932426002808711e+02
2.086429867178557060e+02
2.133753697091623565e+02
2.136933749525317978e+02
2.111088434003538623e+02
2.130131178936426863e+02
2.214651072310500410e+02
2.320399095349258971e+02
2.241865695489903203e+02
2.388006417804333807e+02
2.500577519291196893e+02
2.674388670516897832e+02
2.569887746590893016e+02
2.694714405393529546e+02
2.245090727133814994e+02
2.371629021618309991e+02
2.227303247661853334e+02
2.289847534818111399e+02
2.504918875209351370e+02
2.557671827910763227e+02
2.351689833011674295e+02
2.383210935526314245e+02
2.790509081966090434e+02
2.832889242222640860e+02
2.746970015921268100e+02
2.725523329921949198e+02
2.724619857669731005e+02
2.466031328819538544e+02
2.585149632692407522e+02
2.408410491710133954e+02
2.586471612288357846e+02
2.617817806960776466e+02
2.430312219983822786e+02
2.461288061202830875e+02
2.577246818840855553e+02
2.465414158737118555e+02
2.444074642833131747e+02
2.363885604138093868e+02
2.199089070854981571e+02
2.203697500051685552e+02
2.156595187112530425e+02
2.135037824845022385e+02
2.222864646388320011e+02
2.276054238580661320e+02
2.140445383415576828e+02
2.203283003089113947e+02
2.102694603301142990e+02
2.069661679112923878e+02
2.055247957886490440e+02
2.019568102429470002e+02
2.056100133847131417e+02
2.099338966125579304e+02
1.999671494390407815e+02
2.019069970903548494e+02
2.333874324890571756e+02
2.369260901898072120e+02
2.282297494781485057e+02
2.370416317212356603e+02
2.379698958985486570e+02
2.296275340798930529e+02
2.421478414677444846e+02
2.337320285491260563e+02
2.209361548018771089e+02
2.360919009256946595e+02
2.178546907373113299e+02
2.418413992190566262e+02
2.480082389529778482e+02
2.528329774355498500e+02
2.595928388030701512e+02
2.792798577805973537e+02
2.267579611473820762e+02
2.219529797078101296e+02
2.306891305952489688e+02
2.256491194170191363e+02
2.224515713814945741e+02
2.228639679446016828e+02
2.219274025229680944e+02
2.201995074118262039e+02
2.326194408239139193e+02
2.194230199112750768e+02
2.213796698781623320e+02
2.060990640604734097e+02
2.098322050437565167e+02
2.081616797319969407e+02
1.989651239280301240e+02
2.015933934456007250e+02
2.242012298250980962e+02
2.308275603738147481e+02
2.236995660943402697e+02
2.356099304754407910e+02
2.438301231433321163e+02
2.564549063547815422e+02
2.574835410582703048e+02
2.783861058841565068e+02
2.158493844304418587e+02
2.328086458788737048e+02
2.142479628174065738e+02
2.351140575261642596e+02
2.623756201132915749e+02
2.905349511664060174e+02
2.615936697168147589e+02
2.918025340726498484e+02
2.145262174702060634e+02
2.028352526087147680e+02
2.247095026289218254e+02
2.163627903995423480e+02
1.984128807559932852e+02
2.003182788398529794e+02
2.075541865876817837e+02
2.029212969821363117e+02
2.579002800560036803e+02
2.508285186405761635e+02
2.963339986302045759e+02
2.904377162666156096e+02
2.306743174733642263e+02
2.156009162033855944e+02
2.652151607726281100e+02
2.395234229030197639e+02
2.155885515525602898e+02
2.408425109786392113e+02
2.161420772638855397e+02
2.458502801425698863e+02
2.671615100697465550e+02
2.938188146818573614e+02
2.734448697081424484e+02
2.955423775770850625e+02
2.228130294005142957e+02
2.490028885554611975e+02
2.383552360394430707e+02
2.588515997568666762e+02
2.726564294889483335e+02
2.971934389602859028e+02
2.811118797799635445e+02
3.121234683340045422e+02
2.028529921438550900e+02
1.997495504382903562e+02
2.043294346215973860e+02
2.016385216851171549e+02
1.983336475089279531e+02
2.013130862505362586e+02
2.002718185177755572e+02
2.063471297490930283e+02
2.116698218539523282e+02
2.080865579646955155e+02
2.209582708196751923e+02
2.182555123573398816e+02
2.093044242291403236e+02
2.221654089438876269e+02
2.283397288801770628e+02
2.445959564083665327e+02
2.208647401540816873e+02
2.482885203328468151e+02
2.266100486413729129e+02
2.555238780396178981e+02
2.725189793848152817e+02
3.031485126421180212e+02
2.878931817827906343e+02
3.131853352574634073e+02
2.423771777866489288e+02
2.706912228444886637e+02
2.579820856985352862e+02
2.736256026686634755e+02
2.944461439607962348e+02
3.082040424000265944e+02
2.866056344711625457e+02
3.019070161460940653e+02
2.296149304427036952e+02
2.350453633227977548e+02
2.425438855402592537e+02
2.565700409529659396e+02
2.509176659936765361e+02
2.614518847923604312e+02
2.691509308571870065e+02
2.761721159799262182e+02
2.635396577897677730e+02
2.794695486201082417e+02
2.937019890721061302e+02
3.103669504335168767e+02
2.915084524604454828e+02
2.983890618792477198e+02
3.216538743976020100e+02
3.255325076433163645e+02
2.651325535534946880e+02
2.678503216937603497e+02
2.756134800956502318e+02
2.715435012266217996e+02
2.783389014038697269e+02
3.017857654282203157e+02
2.773559522932472987e+02
3.077244659737291386e+02
2.967883199917640127e+02
2.903050358035907834e+02
3.244901459404537150e+02
3.235396106175024329e+02
2.941449850334228131e+02
3.328684158293444852e+02
3.395044531154548508e+02
3.905878406286151403e+02
3.214454519385398044e+02
3.193513027564442837e+02
3.229739273683334204e+02
3.239356586580055364e+02
3.037328589432212880e+02
2.778524857822458785e+02
3.220133834777110451e+02
3.120105547020632457e+02
3.163930459567544062e+02
3.220061441462878520e+02
3.173705575198802649e+02
3.328185845784493608e+02
3.270283775517738150e+02
3.340283372687108567e+02
3.460479148538776144e+02
3.610307063000294647e+02
2.683410208163093671e+02
2.794773208580825212e+02
3.045715115332066603e+02
3.051940590703282510e+02
2.964230309653525524e+02
3.315070567463167208e+02
3.094326790022399223e+02
3.360940245484886759e+02
3.445371567480369208e+02
3.485877167780341779e+02
3.862926955365296067e+02
4.116054790035048541e+02
3.435749232864162082e+02
3.528723453615160111e+02
4.147999918532082120e+02
4.122080698882888896e+02
3.274289384757249195e+02
3.500670416248224228e+02
3.543619517543235133e+02
3.858685728385878519e+02
3.699712830106329875e+02
3.907224118419907199e+02
4.044012971592204622e+02
4.408983462505367470e+02
4.036239382240809732e+02
4.540831055971097499e+02
4.680796047310038830e+02
5.365935303246959620e+02
4.809422027124637680e+02
5.517402300113097908e+02
6.030722597619281942e+02
7.417295220411820083e+02
4.278396238142286734e+02
4.869405192921504977e+02
5.190958702580929867e+02
6.207662458438117028e+02
5.195206947245626452e+02
5.187243603054059804e+02
6.675014126735355831e+02
6.909015597505505184e+02
7.123964013708748553e+02
8.963267061670396743e+02
1.011093132068351792e+03
1.341229992384307252e+03
9.440923248190490540e+02
9.812405815395909485e+02
1.449913824283653867e+03
1.390748559070700139e+03
2.206385067228869730e+02
2.260517592734271375e+02
2.332029676021396938e+02
2.490972415814631802e+02
2.336290685891370345e+02
2.388875968332148432e+02
2.646088360488104172e+02
2.731036752753843189e+02
2.536727813689589084e+02
2.721051141084886353e+02
2.720431407596363442e+02
2.832674132955850155e+02
2.835017880495002487e+02
2.849944533877790604e+02
2.818548149710360917e+02
2.785114804049903228e+02
2.400392460367169463e+02
2.414313294197600328e+02
2.701452615189560333e+02
2.649460013930408877e+02
2.435154413892705918e+02
2.426983664114599151e+02
2.631328190954697561e+02
2.634895969504809159e+02
2.790844123769705902e+02
2.742679699323019236e+02
2.768406345484689268e+02
2.730398158969314863e+02
2.731195775035267843e+02
2.733889421022515194e+02
2.717404791272620628e+02
2.727584229484160119e+02
2.832509240437073004e+02
2.823304027496309914e+02
2.860632315799650200e+02
2.685405004691392605e+02
2.713288274727224234e+02
2.714399749339963819e+02
2.545986859303052086e+02
2.641474251777317477e+02
2.735827333486222983e+02
2.446123930805373163e+02
2.470199988967293621e+02
2.281597972501659797e+02
2.415593072960530492e+02
2.596358248245885534e+02
2.397465604341062715e+02
2.561577401433398791e+02
2.735469984334940818e+02
2.688750667349590344e+02
2.670643960084098580e+02
2.595938819336973893e+02
2.664118327340672749e+02
2.689030151728171063e+02
2.582196434550475601e+02
2.644432515271800526e+02
2.593137242445014294e+02
2.512185200141699397e+02
2.536375126294063591e+02
2.482444833114747667e+02
2.536518040262659781e+02
2.624975695110244374e+02
2.531925841198965372e+02
2.602976354542331592e+02
2.414622580391176427e+02
2.427133881720951649e+02
2.651634729027420008e+02
2.672894750246275066e+02
2.452869433865132009e+02
2.470825133273121423e+02
2.685973284007090456e+02
2.681688956114951452e+02
2.732992530278438608e+02
2.729358562001029895e+02
2.729270098681905665e+02
2.744035895885295417e+02
2.742281709221596202e+02
2.797127412292463760e+02
2.843685285723432230e+02
3.022790506667887485e+02
2.468057062632238399e+02
2.463449856263613640e+02
2.672388855633181493e+02
2.705962128645336406e+02
2.494177756923499771e+02
2.533641977166779782e+02
2.785192299315148716e+02
2.737747859515954474e+02
2.892783975298501673e+02
3.017896165518012026e+02
3.206073989286535948e+02
3.294924192084708920e+02
3.038213921944748108e+02
2.901437403601102574e+02
3.251050404121057227e+02
3.080119552541600569e+02
2.721908801871144306e+02
2.800656320342777121e+02
2.716926165727046509e+02
2.824968345498472218e+02
2.979961014367084431e+02
3.223756932076209409e+02
3.026770201572267069e+02
3.308637317019873194e+02
2.698087571357583556e+02
2.787774526982323096e+02
2.651311664990123518e+02
2.730375358347807264e+02
2.994134422893212104e+02
3.292165022876120020e+02
2.893202310277354172e+02
3.129501864999640475e+02
3.401618610926305450e+02
3.448039101634986423e+02
3.469802266503377837e+02
3.492338337930029297e+02
3.388498358963433930e+02
3.237887340200958306e+02
3.434906521449420325e+02
3.301233868704674705e+02
3.470418034676906132e+02
3.482599088756227843e+02
3.344792384266203840e+02
3.407553265982008384e+02
3.404520793137099872e+02
3.244457757216270011e+02
3.333187455530929810e+02
3.181827455664823106e+02
2.260855898905492438e+02
2.236007443439146130e+02
2.197832404326341305e+02
2.229244972427053995e+02
2.377890240807743112e+02
2.520601796907740209e+02
2.353896043944549206e+02
2.489825136901131089e+02
2.210097584863091242e+02
2.242297453657325548e+02
2.230218718424604560e+02
2.267893953880931406e+02
2.375301082840075253e+02
2.460533984560814531e+02
2.421572323931156063e+02
2.414819278465616890e+02
2.497157069943114323e+02
2.467222942289188552e+02
2.449727172210360209e+02
2.430529513487559541e+02
2.504285894986893197e+02
2.533537385033485236e+02
2.436652008865570451e+02
2.454167914198508242e+02
2.376727140857636300e+02
2.365250248457387556e+02
2.318823815189333004e+02
2.352942684865157332e+02
2.381122086153746409e+02
2.427039436552553013e+02
2.422356335690428750e+02
2.494517219728129191e+02
2.239434210489278598e+02
2.308767882325474545e+02
2.264170970930321118e+02
2.318159747941972455e+02
2.423770804856724510e+02
2.336391951309979049e+02
2.330177098235782864e+02
2.300448460700370106e+02
2.304389872641365287e+02
2.270243191248980850e+02
2.352940367228556795e+02
2.265462373962141385e+02
2.258221309573778228e+02
2.369167911212357751e+02
2.312149751156967170e+02
2.556823449775166921e+02
2.328448537573180204e+02
2.469411355478221139e+02
2.450111302229550461e+02
2.706527022843115446e+02
2.608885123703610702e+02
2.685997908885832430e+02
2.886270596402103479e+02
2.939384022282535511e+02
2.611969007913116343e+02
2.894046812527748216e+02
2.800722367152462198e+02
2.991142269487277758e+02
3.055895904621440877e+02
3.097700225803860121e+02
3.132080675690929183e+02
3.213144952016515958e+02
2.591424198746435081e+02
2.681852366037448405e+02
2.543917368727967698e+02
2.650951379308690434e+02
2.791178302686610095e+02
2.957911528416776719e+02
2.756716746867786583e+02
2.930659668903577995e+02
2.537518837678814521e+02
2.667550528947237467e+02
2.606314908142216495e+02
2.753226410919211844e+02
2.817248865816745820e+02
3.066676514885743927e+02
2.969456789512402111e+02
3.300618935375445631e+02
3.194485533809348112e+02
3.338405911504090682e+02
3.226233877271987467e+02
3.472614438420937972e+02
3.328032001097179773e+02
3.300559302277795837e+02
3.558441585714384701e+02
3.653627026910797895e+02
3.439779969274470091e+02
3.768854786021288987e+02
3.689813324301188686e+02
4.029895422117102157e+02
3.950385733433183759e+02
4.101548459148763754e+02
4.290076710700336093e+02
4.522126203227263659e+02
2.766429943537569329e+02
2.901648994038055775e+02
2.990931794075411290e+02
3.117789087307587579e+02
3.147000969953374465e+02
3.482418924309008617e+02
3.375616213963762675e+02
3.686915438643366087e+02
3.161298510612277823e+02
3.359091731272010293e+02
3.336880794944623290e+02
3.630478760229245836e+02
3.696178754021039481e+02
4.048509162855399950e+02
4.063110896968589714e+02
4.501480838683775119e+02
3.836183620012519100e+02
4.176952195719608767e+02
3.997794445896485627e+02
4.329089170138371969e+02
4.535736709164578428e+02
4.904660394274296209e+02
4.792163549725387952e+02
5.330680425459016760e+02
4.377920540964391307e+02
4.748519714574402997e+02
4.923513686142136976e+02
5.423875027701603813e+02
5.306034973082604438e+02
6.008922713880222091e+02
6.131202688181219855e+02
6.937627625069486612e+02
2.140609032457708452e+02
2.092271696370229961e+02
2.130816386758333465e+02
2.058615464451668799e+02
2.053387868770290083e+02
2.018054172486389177e+02
2.018267636560732115e+02
1.989320723566966365e+02
2.150175487251277104e+02
2.054774300751980149e+02
2.165273330558411260e+02
2.059275695411803611e+02
1.998313315810696054e+02
1.972149390934504538e+02
1.994297369930967534e+02
1.978778694370240316e+02
1.988596834037065264e+02
1.959013192176658151e+02
1.959418317803128389e+02
1.939961534541560013e+02
1.938020849962483680e+02
1.930983995385952880e+02
1.934189243862859655e+02
1.918997554084666604e+02
1.944335189793948757e+02
1.933914579015628306e+02
1.953464534738227769e+02
1.937943433242125479e+02
1.923452093746134040e+02
1.900096510812786335e+02
1.927151355951660889e+02
1.899700364354904139e+02
2.181052130421576294e+02
2.076609515622109257e+02
2.227909936433586893e+02
2.111283557652865284e+02
2.001530129300211911e+02
1.984699272871105222e+02
2.014419959215121878e+02
1.974817098546324701e+02
2.274952704242810739e+02
2.138380718908893527e+02
2.268741164180717078e+02
2.114508310154898822e+02
2.022502642067236991e+02
1.963530172246600785e+02
2.000917470588171057e+02
1.939997868132949179e+02
1.960042354610198743e+02
1.930599754155729499e+02
1.935635521792643203e+02
1.884158981741032903e+02
1.898779132490833774e+02
1.862634108565913209e+02
1.837818558973664267e+02
1.800468454167830430e+02
1.900569723533845092e+02
1.839937883000926604e+02
1.874842335635817108e+02
1.814402585831871875e+02
1.794035859576553662e+02
1.747602755600509283e+02
1.747980786821036929e+02
1.693158068452301563e+02
1.927160015534810498e+02
1.928583575165953619e+02
1.901809665439855621e+02
1.903005435046378295e+02
1.934430183789590671e+02
1.925509359037223760e+02
1.899354545705537021e+02
1.866198852219737319e+02
1.886364787814726753e+02
1.874178301112529255e+02
1.865848039897075523e+02
1.821132090650266377e+02
1.847133884855919632e+02
1.808696961721039713e+02
1.772585818487460756e+02
1.716078494078570031e+02
1.894723378373546723e+02
1.851602046871147706e+02
1.824097670723161002e+02
1.780233035765921272e+02
1.809557471793255559e+02
1.774036378511532348e+02
1.729864897699891912e+02
1.668009541900204624e+02
1.760279038711352655e+02
1.693841939305052904e+02
1.649406474747160871e+02
1.587382128411578606e+02
1.616846737437428203e+02
1.537130705917018076e+02
1.517434040182204456e+02
1.479033383090434768e+02
1.811091854143059834e+02
1.750232325797603607e+02
1.746201213522899138e+02
1.689797435289269174e+02
1.687433637160024773e+02
1.622839617600069460e+02
1.629921588237959895e+02
1.572025347933944488e+02
1.693565169866217559e+02
1.650268180846300936e+02
1.652733186650838206e+02
1.621887876233446377e+02
1.605226343419164436e+02
1.549667711304846591e+02
1.580952158833478620e+02
1.525781473374280495e+02
1.573886548421503164e+02
1.533400475869758566e+02
1.534784931832014081e+02
1.509883623175720970e+02
1.493002521136607186e+02
1.515231993310836174e+02
1.507661393809231924e+02
1.598862845857723300e+02
1.510217255032302148e+02
1.488072273565756518e+02
1.485345318244815758e+02
1.478942522617620057e+02
1.524282898929852763e+02
1.712974950802542651e+02
1.594746826886996303e+02
1.895348623003084754e+02
2.220940677598420621e+02
2.059654350295182041e+02
2.184108603505322321e+02
2.032758862755167399e+02
1.976888082979841101e+02
1.917301894494520411e+02
1.974443084676357785e+02
1.916342943995755661e+02
2.196960350520755014e+02
2.048313498974363540e+02
2.241581150597160956e+02
2.097202904695781740e+02
1.990668867888172997e+02
1.950386005374652996e+02
2.044130410943516267e+02
2.015133814707375848e+02
1.847193577382677177e+02
1.781190556036678458e+02
1.838162730150180266e+02
1.782390665010461817e+02
1.712675869371777537e+02
1.670741569346168092e+02
1.743609990741479976e+02
1.716946612418344387e+02
1.894657208160226673e+02
1.876773795333582200e+02
1.993173572390394668e+02
1.991690685134947501e+02
1.843267139529424412e+02
1.828180087376456413e+02
1.969256665745934640e+02
2.000346515265990206e+02
2.277659351113965727e+02
2.155751900972223041e+02
2.300059756152296586e+02
2.189697175935363589e+02
2.109689040259864328e+02
2.077210544947004678e+02
2.149324707843265116e+02
2.145179311146181078e+02
2.315677449412042108e+02
2.207776363678042060e+02
2.343709200375154467e+02
2.275764310434828417e+02
2.209224359963924087e+02
2.244152305949006063e+02
2.303150476822262931e+02
2.358709107693233022e+02
2.078554954747854708e+02
2.087605298606078179e+02
2.170628195437494412e+02
2.209203730108869195e+02
2.122673915868580252e+02
2.193539063660410591e+02
2.278087985964614575e+02
2.371532726751352698e+02
2.293414757670782649e+02
2.358760477601502430e+02
2.432067781313623982e+02
2.522206364403134558e+02
2.454590251946443971e+02
2.615918104184832487e+02
2.655325894576609471e+02
2.876533055047626704e+02
1.641454002313047909e+02
1.608249453617528673e+02
1.712574908732884182e+02
1.696078773941571569e+02
1.550801607167229861e+02
1.499609660435491207e+02
1.644588823773675585e+02
1.608629064112872697e+02
1.872431249996635927e+02
1.893100322847705854e+02
2.068491334535613646e+02
2.107142257909401906e+02
1.877947706439130400e+02
1.879008447858874433e+02
2.129795254137898439e+02
2.182717078112199829e+02
1.484703461874575510e+02
1.553243160551505753e+02
1.633605259450249605e+02
1.772380644861726751e+02
1.778669504062207807e+02
2.149379779273300812e+02
2.069466089964166997e+02
2.458051470870308322e+02
1.947116087903846164e+02
2.129074717095959102e+02
2.316526082685085726e+02
2.521302056088720747e+02
2.437139243722905917e+02
2.771754530084368753e+02
2.780062220571766147e+02
3.024984613907656126e+02
2.266602236242965773e+02
2.362125499813014073e+02
2.526997943554061976e+02
2.733155586321271926e+02
2.430198298683441465e+02
2.525211369937679251e+02
2.835508353278781897e+02
2.911287751610994974e+02
2.872635433135557150e+02
3.091703953542835848e+02
3.170415363673613456e+02
3.349816780856104970e+02
3.154130502412780857e+02
3.186680350249889671e+02
3.354381799713812029e+02
3.363138341626725492e+02
2.712732200276714707e+02
2.894672530368041521e+02
3.061556898681035932e+02
3.196560609687102215e+02
3.084180107208745198e+02
3.287539117092451875e+02
3.366108384710984183e+02
3.598898249226870121e+02
3.291165356800883615e+02
3.427633369924955105e+02
3.494596121934790744e+02
3.681802974556758841e+02
3.614244955305264284e+02
3.868064705530449032e+02
3.865578145935704697e+02
4.032213097502250889e+02
2.165795192872303119e+02
2.174715705119750737e+02
2.123775976418669984e+02
2.128285393493134450e+02
2.179020277877107503e+02
2.177875088148227576e+02
2.138498045268505336e+02
2.132548424720150706e+02
2.075803951852018656e+02
2.077535119215835664e+02
2.030217535559840485e+02
2.030723514648214234e+02
2.080854483984308843e+02
2.064397174547053737e+02
2.020695315257099480e+02
2.004408096153397310e+02
2.172399305215942320e+02
2.151496453745639883e+02
2.113250257227009001e+02
2.092513551746746998e+02
2.114158093073095870e+02
2.080312203996217306e+02
2.073693227180079361e+02
2.070679114641407637e+02
2.042232320655636499e+02
2.038137825338922369e+02
2.000013039299308844e+02
2.016111933532831699e+02
2.055850851617585136e+02
2.093590547695064856e+02
2.065495997225048939e+02
2.124830274393068237e+02
1.993613194907621562e+02
1.992661846904515244e+02
1.961518345009118320e+02
1.960753326741363196e+02
1.985562197919383038e+02
1.983087834735314345e+02
1.965296510166259623e+02
1.981890819515630540e+02
1.937724017306104258e+02
1.939283737586958125e+02
1.931728205366805184e+02
1.947208219556327720e+02
1.955540546693731017e+02
2.019090759181643193e+02
2.024175069011338906e+02
2.171738276659227154e+02
2.000926188485263992e+02
2.040536057826588205e+02
2.035476803451187209e+02
2.112020813187779424e+02
2.098216680478298315e+02
2.143992075276715923e+02
2.158890985058503986e+02
2.192103389347065558e+02
2.122711726283243365e+02
2.207179530640880216e+02
2.286775628201521897e+02
2.342060754545953500e+02
2.245828876671461671e+02
2.326022818720298062e+02
2.407167657823657692e+02
2.501596428999608861e+02
2.066574409506295069e+02
2.088863710245811660e+02
2.100498390013734138e+02
2.165921868524438594e+02
2.156737566299491675e+02
2.249350990567018016e+02
2.251797721128731951e+02
2.346298702222142651e+02
2.156520201466960884e+02
2.235302036106723165e+02
2.179644285566881763e+02
2.248503206546027116e+02
2.324300276696946526e+02
2.440400444293894111e+02
2.369546670472526273e+02
2.542772265499492335e+02
2.346177625123996506e+02
2.469256922509524941e+02
2.460990957666915335e+02
2.652392066762882905e+02
2.688158034506585636e+02
3.016110500262162191e+02
2.961897002574390854e+02
3.272689952468272168e+02
2.606263616417365370e+02
2.856636726761738601e+02
2.770873186225049380e+02
3.049214485225398903e+02
3.145734408580470358e+02
3.384977564485462835e+02
3.300229045559419774e+02
3.538997600646836190e+02
2.191849713577007606e+02
2.310439895336483858e+02
2.298389574489586096e+02
2.490941401994206217e+02
2.495962528769141784e+02
2.719235896398864156e+02
2.710183141010215309e+02
2.945764550634528973e+02
2.481148520821758439e+02
2.680310295013599671e+02
2.604575960052898722e+02
2.743740008340716940e+02
2.879821502005110574e+02
3.068711782746341328e+02
2.916657957935780132e+02
3.068757724224776098e+02
2.988963132113995016e+02
3.250053814777848515e+02
3.181258557365514434e+02
3.352702608012970700e+02
3.468559975700800919e+02
3.697563610116875452e+02
3.508857924710819702e+02
3.717097464473583273e+02
3.199909541648074764e+02
3.308385147068844958e+02
3.144832143701117957e+02
3.280287211497396811e+02
3.469346301751616011e+02
3.719953739134364241e+02
3.555171223711797666e+02
3.915728060630864320e+02
1.938703739449079535e+02
2.009011416920117199e+02
1.959652878975747683e+02
2.102799674552900342e+02
2.188373686572381587e+02
2.361575090488611579e+02
2.294685089710201282e+02
2.411290469373951169e+02
1.988753827873086664e+02
2.125390132522411761e+02
1.987996142785663665e+02
2.043811098024211788e+02
2.221670437186525646e+02
2.273711928376796152e+02
2.064131112806165333e+02
2.079220669259241561e+02
2.439581829384724756e+02
2.468403381837362645e+02
2.446048728223011324e+02
2.455261145213050327e+02
2.520008575851592525e+02
2.540673540944223134e+02
2.465669656911114203e+02
2.446908187882771131e+02
2.299792533318263281e+02
2.329175932024431859e+02
2.121228817569515286e+02
2.172436244890471073e+02
2.348912171558621083e+02
2.373104376901051467e+02
2.241878103842694259e+02
2.321208985257534039e+02
1.942806890400169948e+02
1.946201692411271438e+02
1.885747086497551948e+02
1.879788325409623724e+02
1.948725296347820120e+02
1.953959176726589249e+02
1.887043054919986105e+02
1.872146348583938789e+02
1.838651843363834075e+02
1.831657579281758217e+02
1.799106358967594304e+02
1.764116578754006355e+02
1.820004332116265005e+02
1.783807561329048781e+02
1.727911502639647949e+02
1.696128759709851863e+02
1.968978847450402156e+02
2.015993360558540246e+02
1.851776367749055225e+02
1.871467064661634936e+02
2.108144509720746669e+02
2.240943075208621451e+02
1.983909902153305893e+02
2.177050101199981782e+02
1.751237500904125284e+02
1.797608965609437348e+02
1.734006287646386966e+02
1.873733194808479539e+02
1.963009354321103785e+02
2.199144234848653241e+02
2.075712402563359262e+02
2.316499255548967540e+02
2.568293158779636656e+02
2.706604077839180036e+02
2.497739366329218171e+02
2.741834464899819181e+02
2.970139855637369806e+02
3.191229166466699780e+02
3.144434146098682277e+02
3.502439716092114281e+02
2.513373866514978943e+02
2.840157133992646550e+02
2.508138602043644596e+02
2.834708557607771695e+02
3.293535147342136042e+02
3.725363556974894550e+02
3.246734112184299192e+02
3.650375965237667515e+02
3.300749429534802744e+02
3.536766443754837610e+02
3.713938694795709239e+02
4.037100090198328530e+02
3.950285851640415444e+02
4.406662701325479929e+02
4.495972842187013043e+02
5.047700946880768811e+02
4.020452648459258853e+02
4.361010403114073029e+02
3.979448672367982454e+02
4.428789578766589443e+02
4.891829788201874862e+02
5.769380967064115566e+02
5.315615340721608391e+02
6.904409308876076921e+02
2.457620860353166847e+02
2.770148985786895537e+02
2.440773217832349928e+02
2.766671689920710264e+02
3.119263076641679504e+02
3.472199367855817513e+02
3.094177821510456852e+02
3.421369230424602961e+02
2.490305475269461795e+02
2.817676567128889928e+02
2.599687133905327983e+02
2.908678860752480659e+02
3.146263776602864368e+02
3.482453474559193864e+02
3.231651344582503498e+02
3.668604740664961241e+02
3.880367681172511425e+02
4.640008148281161198e+02
3.949041112312153814e+02
5.091623930111219352e+02
6.013605898759921047e+02
8.238896372104018155e+02
6.809997895747154644e+02
9.286669986986809135e+02
4.184895022139059506e+02
5.834792152477476748e+02
4.774740129808432698e+02
7.381508981417857740e+02
8.224585778237023987e+02
1.113060031011588080e+03
1.127693419587157905e+03
1.450001923563451555e+03
