1.468887657226562442e+05
1.074614202148437616e+05
1.361385715820312616e+05
9.643380431640625466e+04
8.098088410156249302e+04
7.251120977539062733e+04
8.288971830078124185e+04
7.144965506835938140e+04
1.172568382812500058e+05
9.545285443359374767e+04
9.425896885742187442e+04
7.967504560546873836e+04
8.052056963867187733e+04
7.016359666992188431e+04
7.167963357421875116e+04
6.167494466796875349e+04
5.981642684570312122e+04
5.396313987304687907e+04
5.435594392578124825e+04
4.832000320312500116e+04
4.376172716796874738e+04
3.716980839843749709e+04
4.208431796875000146e+04
3.652741280273436860e+04
5.568064578125000116e+04
4.546412013671874593e+04
5.134483789062500000e+04
4.212226906249999593e+04
3.752917797851562500e+04
3.366982781249999971e+04
3.736749773437499971e+04
3.115514682617187646e+04
8.105536565429688198e+04
7.571378465820313431e+04
9.965067630859374185e+04
9.185737582031248894e+04
6.320574966796874651e+04
5.682825847656250698e+04
7.027713875976562849e+04
5.845038720703125000e+04
8.630532675781249418e+04
1.058662123925781343e+05
6.565141132812500291e+04
8.147338200195312675e+04
9.311268766601562675e+04
6.769454343750000407e+04
8.927083310546874418e+04
7.932073672851562151e+04
5.087200644531250146e+04
4.404818012695312791e+04
5.045027209960937762e+04
4.475979934570312616e+04
3.721744565429687646e+04
3.347731623046875029e+04
3.940065175781250582e+04
3.612491085937499884e+04
5.490022198242187733e+04
4.331957475585937209e+04
6.096298299804687849e+04
4.732752739257812209e+04
4.162526020507812791e+04
3.911040202148437675e+04
4.009468398437500582e+04
4.048101653320313198e+04
3.050212497070312384e+04
2.575481052734375044e+04
3.106942021484374709e+04
2.852860510742187398e+04
2.688569627929687704e+04
2.939034550781250073e+04
2.695091069335937209e+04
2.821703648437499942e+04
2.970009728515624738e+04
2.761887613281250015e+04
2.737028410156250175e+04
2.718637340820312602e+04
2.741226474609375146e+04
2.670734038085937209e+04
2.544451947265624767e+04
2.512634070312500262e+04
3.013917069335937413e+04
3.161352820312500262e+04
2.981273569335937646e+04
3.073475628906250131e+04
3.163844668945312151e+04
2.985423366210937456e+04
3.014917386718749913e+04
2.955874991210937515e+04
2.861316762695312718e+04
2.806567458984375116e+04
2.513705177734374956e+04
2.466935620117187500e+04
2.886612430664062413e+04
2.824089333007812456e+04
2.620836454101562413e+04
2.660458028320312587e+04
2.993044657226562413e+04
2.651701341796875204e+04
3.198859727539062442e+04
2.940875078125000073e+04
2.620882845703124985e+04
2.511424972656249884e+04
2.764650109375000102e+04
2.724853757812499680e+04
3.344643195312499302e+04
3.082696934570312442e+04
3.505278618164062209e+04
3.190983963867187413e+04
2.992419929687499825e+04
2.760766568359375378e+04
3.193735287109375349e+04
2.915608743164062616e+04
2.491719539062500189e+04
2.335528402343749985e+04
2.551968461914062573e+04
2.349553535156249927e+04
2.416220470703124738e+04
2.442595889648437515e+04
2.257997662109374869e+04
2.253014514648437762e+04
2.452022075195312573e+04
2.413215063476562500e+04
2.523087230468750204e+04
2.455204999999999927e+04
2.284348267578124796e+04
2.168488376953125044e+04
2.269363225585937471e+04
2.145252128906249709e+04
5.708231540039062384e+04
6.450714148437500262e+04
5.564585209960937937e+04
7.200770210937499360e+04
8.029816660156249418e+04
7.882901989257812966e+04
6.682181706054687675e+04
6.174159126953125087e+04
5.616753619140625233e+04
5.623892435546874913e+04
4.584157865234375640e+04
4.514603138671875058e+04
6.138772092773437180e+04
6.163084495117187907e+04
5.194394451171874971e+04
6.144441121093750553e+04
7.304261474609375000e+04
5.817840941406250204e+04
7.232907934570312500e+04
6.692185353515626048e+04
4.485029972656250175e+04
4.171317553710937500e+04
5.518478260742187558e+04
4.724325245117187296e+04
6.704776605468749767e+04
6.414657070312499127e+04
5.856879464843750611e+04
5.797126004882812413e+04
6.186056130859375116e+04
5.872349464843750320e+04
5.837763099609375058e+04
5.663077262695312675e+04
4.099376007812499302e+04
4.334175964843749534e+04
3.773419590820312442e+04
4.204894846679687907e+04
4.565929249023437296e+04
5.444712223632812675e+04
4.475220549804687471e+04
5.055456408203125466e+04
3.477866303710937063e+04
3.830977583984375087e+04
3.176779303710937529e+04
3.651566351562499767e+04
4.275784269531250175e+04
4.340284344726562267e+04
3.890124269531249593e+04
4.037207125000000087e+04
5.370916622070312587e+04
5.205473583984375000e+04
4.725432675781249418e+04
4.958774523437500466e+04
4.986063591796874971e+04
5.531818140625000524e+04
4.555760225585937587e+04
4.788918516601562442e+04
4.617331649414062849e+04
4.271363087890624593e+04
3.926380945312500262e+04
3.570795791015625582e+04
4.308122662109375233e+04
4.412772724609375291e+04
3.676713568359374767e+04
3.778525963867187238e+04
3.689606139648437966e+04
3.123767948242187413e+04
3.857877173828125524e+04
3.241192997070312413e+04
3.068350042968749767e+04
2.869920817382812675e+04
2.848884103515624884e+04
2.700397910156250146e+04
4.494104200195312296e+04
3.381906818359375029e+04
4.980489981445312151e+04
4.144927271484374796e+04
2.902971849609375204e+04
2.680058807617187631e+04
3.233984851562500262e+04
2.772198105468750146e+04
2.670750568359375029e+04
2.412063630859374825e+04
2.662919535156249913e+04
2.411932541015624884e+04
2.236547428710937675e+04
1.999843576171874884e+04
2.295550125000000116e+04
2.023866234375000204e+04
2.513620807617187529e+04
2.462501244140625204e+04
2.513999228515625146e+04
2.509462346679687471e+04
2.264342486328125233e+04
2.084554904296874884e+04
2.305085062500000276e+04
2.216397152343750349e+04
5.148932073242187471e+04
4.603611803710937966e+04
5.153404512695311860e+04
4.547345184570312267e+04
3.850218895507812704e+04
2.867371551757812631e+04
4.034359409179687646e+04
3.293936552734375437e+04
4.754560278320312500e+04
5.150136456054687733e+04
4.193347271484375233e+04
4.618803812499999913e+04
4.193835882812499767e+04
3.491771774414062384e+04
4.471536894531249709e+04
3.883474991210937151e+04
2.620114235351562820e+04
2.471064885742187471e+04
2.663599042968750291e+04
2.563069284179687384e+04
2.444459610351562151e+04
2.318203050781250204e+04
2.566873296874999869e+04
2.426094118164062456e+04
2.633488461914062646e+04
2.520832455078124985e+04
2.513621432617187747e+04
2.595347563476562209e+04
2.500308302734374956e+04
2.334774425781250102e+04
2.477044823242187704e+04
2.350984945117187453e+04
6.487564837890624767e+04
5.731341368164062442e+04
6.030228330078124418e+04
5.868100759765624389e+04
5.409537803710937442e+04
5.286489868164062500e+04
5.369459938476562093e+04
4.739520589843750349e+04
6.224696684570312209e+04
5.671109374023436976e+04
5.601150748046874651e+04
4.964667000976562122e+04
4.757730802734375175e+04
3.998318060546874767e+04
4.233465172851562966e+04
3.833521904296874709e+04
4.800067176757812558e+04
4.520871139648438111e+04
4.272557260742187646e+04
4.060591670898437587e+04
4.241576271484374593e+04
4.057273762695312325e+04
4.019681948242187354e+04
3.787486101562499971e+04
3.694582607421875582e+04
3.757081987304687209e+04
3.554752243164062384e+04
3.407648901367187500e+04
3.721453834960937820e+04
3.401135348632812384e+04
3.330178761718749593e+04
2.859979499023437529e+04
5.050833098632812471e+04
4.634607974609374651e+04
4.611226918945313082e+04
4.398685970703125349e+04
4.055704783203125407e+04
3.560859237304687122e+04
3.538115537109374418e+04
2.935961970703124825e+04
4.025313228515624360e+04
3.720728794921874942e+04
3.362557954101562791e+04
3.055269746093750291e+04
3.127675358398437675e+04
2.657184638671874927e+04
2.612536827148437806e+04
2.831798170898437456e+04
3.165961756835937558e+04
3.002889881835937558e+04
2.609055277343749913e+04
2.569751301757812325e+04
2.665329555664062354e+04
2.262682140624999738e+04
2.206801483398437631e+04
2.215309759765624767e+04
2.587183771484375029e+04
2.490157014648437325e+04
2.684645208984374767e+04
2.545579503906250102e+04
2.164546547851562354e+04
2.055409751953124942e+04
2.292884262695312646e+04
2.301642192382812573e+04
3.709744986328124651e+04
3.544092841796875291e+04
3.586199891601562558e+04
3.438572056640624942e+04
3.369613406250000116e+04
3.100275743164062442e+04
3.357673150390625233e+04
3.141557375976562616e+04
3.165246977539062937e+04
3.358145631835937093e+04
2.881414918945312456e+04
3.203098586914062616e+04
3.432113449218749884e+04
3.247010458007812849e+04
3.180378422851562573e+04
3.058178168945312791e+04
2.888021672851562471e+04
2.440644006835937398e+04
2.839549624023437718e+04
2.381586932617187267e+04
1.993418789062499854e+04
1.822118872070312500e+04
2.057631089843749942e+04
1.803360917968749709e+04
2.783258529296874985e+04
2.319246649414062631e+04
2.633563721679687296e+04
2.272337883789062471e+04
1.945446450195312354e+04
1.699456904296875291e+04
1.795595257812499767e+04
1.685820830078125073e+04
2.630728129882812937e+04
3.016321049804687573e+04
2.338983529296875349e+04
2.914332075195312427e+04
3.046675497070312122e+04
2.912769145507812573e+04
2.893079024414062587e+04
2.613280888671875073e+04
2.318928129882812573e+04
2.643068832031249985e+04
2.537068887695312515e+04
2.591945342773437369e+04
2.637525770507812558e+04
2.549386225585937791e+04
2.479743528320312180e+04
2.461653958984374913e+04
2.480136921874999825e+04
2.061367516601562602e+04
2.349158507812500466e+04
1.910667791015624971e+04
1.742779477539062646e+04
1.697500568359375029e+04
1.784438960937500087e+04
1.642127134765624942e+04
2.214819505859375204e+04
1.894657860351562704e+04
2.188196369140625029e+04
1.874464450195312384e+04
1.737535009765625000e+04
1.788062371093749971e+04
1.892998268554687820e+04
1.943159461914062558e+04
2.805748477539062515e+04
2.601362894531249913e+04
2.775260099609375175e+04
2.633146346679687485e+04
2.568689208984375000e+04
2.871279900390624971e+04
2.656574237304687267e+04
2.732003168945312427e+04
2.895029530273437558e+04
2.595586066406250029e+04
2.896711729492187442e+04
2.772713989257812500e+04
2.580694633789062209e+04
2.593376657226562747e+04
2.589999757812499956e+04
2.695401333984375378e+04
2.510295485351562456e+04
2.404669577148437384e+04
2.639277016601562354e+04
2.287768083984374971e+04
2.409843532226562456e+04
2.397654575195312282e+04
2.299829041992187558e+04
2.507724114257812471e+04
2.641397820312499971e+04
2.453479430664062966e+04
2.657864557617187529e+04
2.431669208007812631e+04
2.450156760742187544e+04
2.378018374999999651e+04
2.505306771484374985e+04
2.510743406250000044e+04
3.222515166015624709e+04
3.104322908203124825e+04
3.538501516601562616e+04
3.313148364257812500e+04
2.976776610351562340e+04
2.973105423828124913e+04
3.066384974609374694e+04
2.811673226562499985e+04
3.373798128906250349e+04
3.369438853515624942e+04
2.965798107421875102e+04
2.840236588867187675e+04
3.110212687500000175e+04
2.847077924804687427e+04
2.704975369140625116e+04
2.461511602539062733e+04
2.627968470703125058e+04
2.403003572265625189e+04
2.861057662109375087e+04
2.601775633789062704e+04
2.399294567382812238e+04
2.476419165039062500e+04
2.443281475585937369e+04
2.466081452148437529e+04
2.736550434570312063e+04
2.441127039062499898e+04
2.503859024414062515e+04
2.465113777343750553e+04
2.368503541015624796e+04
2.486511809570312471e+04
2.595085184570312413e+04
2.223305444335937500e+04
2.416042301757812675e+04
2.433284524414062616e+04
2.399464210937499956e+04
2.429972431640624927e+04
2.362831516601562544e+04
2.320046869140624767e+04
2.382035922851562646e+04
2.308286452148437456e+04
2.446363403320312500e+04
2.347907038085937529e+04
2.390286521484374680e+04
2.168086000976562354e+04
2.298403792968749985e+04
2.286205704101562878e+04
2.108960742187500000e+04
2.099521158203125015e+04
2.127445547851562151e+04
1.864559286132812485e+04
2.044475791992187442e+04
1.977521671875000175e+04
1.861320190429687500e+04
2.000795846679687384e+04
2.194332975585937311e+04
2.262893045898437413e+04
2.131556200195312340e+04
2.268945284179687587e+04
2.078414285156250116e+04
2.065643717773437675e+04
2.251569383789062704e+04
2.357031691406249593e+04
2.141374876953125204e+04
2.267180999023437471e+04
2.336445505859374680e+04
2.352627269531249840e+04
2.333719082031249854e+04
2.178293249023437238e+04
2.347360962890624796e+04
2.238265936523437631e+04
2.145937609374999738e+04
2.274967658203125029e+04
2.202659105468750204e+04
2.114074663085937573e+04
2.075185876953124898e+04
2.066023897460937587e+04
2.220379998046874971e+04
2.196264192382812325e+04
2.015501104492187733e+04
2.071242457031249796e+04
1.969928162109375262e+04
1.998811122070312558e+04
2.096868628906249796e+04
2.175374056640624985e+04
1.971563779296875146e+04
2.010128904296875044e+04
2.163103861328124913e+04
2.128702298828124913e+04
2.180239843750000000e+04
2.090522114257812791e+04
2.043511387695312442e+04
2.039323861328124622e+04
1.976872809570312529e+04
1.994585542968750087e+04
2.119175524414062238e+04
2.124093376367187375e+04
3.576487670898437500e+04
3.249586913085937340e+04
3.479078078125000320e+04
3.282341750976562616e+04
3.053204791015625233e+04
2.611702911132812733e+04
2.683019969726562704e+04
2.345252126953125116e+04
2.690198551757812675e+04
2.543660628906250349e+04
2.510759105468749840e+04
2.283367539062500146e+04
2.389941075195312442e+04
2.153841484375000073e+04
2.049297801757812704e+04
1.917877987304687849e+04
2.220164177734374971e+04
2.289358347656249680e+04
2.075223848632812587e+04
2.332035880859375175e+04
2.040112715820312587e+04
1.834910734375000175e+04
2.058472441406249709e+04
1.844786433593749825e+04
1.876163414062499942e+04
2.006332812500000000e+04
1.860497112304687471e+04
1.776976105468750029e+04
1.755236799804687325e+04
1.628052841796874964e+04
1.679473497070312442e+04
1.461818715820312536e+04
2.493337961914062544e+04
2.227236054687500291e+04
2.261523298828124825e+04
2.104544770507812791e+04
2.007907358398437646e+04
2.016683920898437646e+04
1.932759331054687209e+04
1.964055120117187471e+04
2.304962273437499971e+04
2.106218326171875015e+04
2.773356335937500262e+04
2.269040665039062151e+04
1.926851736328125116e+04
1.747058375000000160e+04
1.993728939453124985e+04
1.706800317382812500e+04
1.793042953124999985e+04
1.603749874023437587e+04
1.656163694335937180e+04
1.593622487304687456e+04
1.491829412109374971e+04
1.499313691406250109e+04
1.465542442382812442e+04
1.466383858398437405e+04
1.668180001953124884e+04
1.506849773437499971e+04
1.700202293945312704e+04
1.515261627929687529e+04
1.455953065429687558e+04
1.500238243164062442e+04
1.461171875976562660e+04
1.667614077148437354e+04
1.866555272460937340e+04
2.510769127929687238e+04
2.189065936523437267e+04
2.267387365234374738e+04
2.250514808593750058e+04
2.163347262695312384e+04
2.252998045898437704e+04
2.302151282226562398e+04
1.785049341796874796e+04
2.154797518554687485e+04
1.652035312499999782e+04
2.005544123046875029e+04
2.234467752929687413e+04
2.295040292968750146e+04
2.099576249023437776e+04
1.977151745117187238e+04
2.100532581054687762e+04
2.315822462890624956e+04
2.139374653320312427e+04
2.239705005859374796e+04
2.308398909179687689e+04
2.525777482421875175e+04
2.202855474609375233e+04
2.368716706054687529e+04
2.198558959960937500e+04
2.109773081054687646e+04
2.160980848632812558e+04
2.150428808593750000e+04
2.225019632812499913e+04
2.230337769531249796e+04
2.161356867187500029e+04
2.312388981445312675e+04
1.572235586914062515e+04
1.824330702148437558e+04
1.644676287109374971e+04
1.846999866210937398e+04
1.803533119140625058e+04
1.686553268554687384e+04
1.607881072265624971e+04
1.697362596679687704e+04
1.742576749023437151e+04
1.610625163085937675e+04
1.863697802734375000e+04
1.648453428710937442e+04
1.534575626953124993e+04
1.646632893554687325e+04
1.685708185546875029e+04
1.722247214843749680e+04
2.077626359375000175e+04
2.034640323242187515e+04
1.934041981445312558e+04
1.967822358398437427e+04
2.057828661132812704e+04
2.381294465820312689e+04
1.994178589843749796e+04
2.350762392578124854e+04
1.967473970703125087e+04
1.949898978515624913e+04
1.902331695312500233e+04
2.045819508789062456e+04
2.047623470703124985e+04
2.187969133789062471e+04
2.077798692382812442e+04
2.188985533203124942e+04
2.877066425781249927e+04
2.380456074218750291e+04
2.642288873046875233e+04
2.394960445312500087e+04
2.038272868164062675e+04
1.855415595703124927e+04
1.962438022460937282e+04
1.750129806640624884e+04
2.293338297851562675e+04
2.174872671874999651e+04
2.174239894531249956e+04
1.834098575195312515e+04
1.781067665039062558e+04
1.571190980468750058e+04
1.614756511718750153e+04
1.511362345703124811e+04
1.849039635742187238e+04
1.593424782226562456e+04
1.773263970703125233e+04
1.828243018554687296e+04
1.583715746093749840e+04
1.784564131835937587e+04
1.679464026367187398e+04
2.031590751953125073e+04
1.654692138671875000e+04
1.701223931640625233e+04
1.688788195312500102e+04
1.613767956054687420e+04
1.665236052734374971e+04
2.008486525390625320e+04
1.729344514648437325e+04
1.979606405273437122e+04
1.947752156249999825e+04
1.728118307617187384e+04
1.860501518554687209e+04
1.664741461914062529e+04
1.554214411132812529e+04
1.493590471679687471e+04
1.455361973632812442e+04
1.514528273437499956e+04
1.760329067382812354e+04
1.575187757812500058e+04
1.752345974609374753e+04
1.667784653320312646e+04
1.545808212890625146e+04
1.502988095703124964e+04
1.652950292968750000e+04
1.581414665039062675e+04
1.445582289062499876e+04
1.593564808593750058e+04
1.397923605468750065e+04
1.533471523437500036e+04
1.711704647460937485e+04
1.933038895507812413e+04
1.712195550781249767e+04
1.915827807617187500e+04
1.449613628906249869e+04
1.572171693359375058e+04
1.566804019531250015e+04
1.633297793945312515e+04
1.666619612304687325e+04
2.008349200195312369e+04
1.869479371093749796e+04
2.017824057617187646e+04
1.820270270507812529e+04
1.692584338867187398e+04
1.941973414062500160e+04
2.003893771484374884e+04
1.784945857421874825e+04
1.835823680664062704e+04
2.024103482421875015e+04
2.085885732421874854e+04
2.179343909179687398e+04
2.173894204101562354e+04
2.220337146484375262e+04
2.082074755859375000e+04
2.083955277343749913e+04
2.217631929687500087e+04
2.066349073242187296e+04
2.124102446289062573e+04
1.932168374999999651e+04
2.125110220703125378e+04
1.975133378906249709e+04
2.366278585937499884e+04
2.100783965820312369e+04
2.208532241210937354e+04
2.188041546874999767e+04
2.242759958984375044e+04
2.113085670898437456e+04
2.349050512695312500e+04
2.216473955078124709e+04
2.194220419921874782e+04
2.236918887695312515e+04
2.191534042968750146e+04
2.152406769531250029e+04
2.024981999999999971e+04
2.012689745117187704e+04
1.985400810546875073e+04
1.945052862304687369e+04
1.922860732421874854e+04
2.057927163085937354e+04
2.242503737304687820e+04
1.941126597656249942e+04
2.318780545898437413e+04
2.050184502929687733e+04
1.794712863281249884e+04
1.984390956054687558e+04
2.135032619140624956e+04
2.041980891601562325e+04
2.220144426757812471e+04
2.276023065429687267e+04
2.261007367187500131e+04
2.317514577148437093e+04
2.426157772460937849e+04
2.248388529296874913e+04
2.401668793945312791e+04
2.276252869140624898e+04
2.121523713867187689e+04
2.308916632812500029e+04
2.287165751953124709e+04
2.353472798828125087e+04
2.328195998046874593e+04
2.168805713867187296e+04
2.036050546874999782e+04
2.144876833007812456e+04
2.203208860351562544e+04
2.103823762695312325e+04
2.224734315624999726e+04
1.209957681640624942e+05
9.585384112304687733e+04
9.591039432617186685e+04
8.442504153320312616e+04
8.186778278320313257e+04
8.214301636718750524e+04
7.654911419921874767e+04
6.891291289062501164e+04
6.529010304687499593e+04
6.807687786132813198e+04
5.578802358398437354e+04
5.322788442382812354e+04
7.563056657226562675e+04
5.917012650390624913e+04
6.338663414062499942e+04
5.569158886718750000e+04
8.590065734375000466e+04
8.612967494140623603e+04
6.850514186523437093e+04
7.232941798828126048e+04
8.345196060546874651e+04
6.119455329101562529e+04
6.901761136718749185e+04
5.352551720703125466e+04
6.061047321289061802e+04
6.348040708007812646e+04
5.310457908203125407e+04
5.263998475585937558e+04
5.433490955078125262e+04
4.577445155273437558e+04
4.576495970703125204e+04
4.424481230468749709e+04
5.271636371093749767e+04
4.724303681640625291e+04
3.939477242187500087e+04
3.575347324218750146e+04
1.211279830371093703e+05
7.897564826171874302e+04
4.980529623046875349e+04
9.421788065429686685e+04
3.425785251953125407e+04
2.945866543945312515e+04
2.808494124999999985e+04
2.705139523437499884e+04
3.254126600585937558e+04
3.783680823242187762e+04
3.049157291015625015e+04
3.650734606445312966e+04
4.840792529296875000e+04
4.892966409179687616e+04
4.619268121093749505e+04
5.068234291992188082e+04
5.058359234375000233e+04
4.752806699218749418e+04
4.999252481445312151e+04
4.307511057617187907e+04
4.599004464843749884e+04
4.889944760742187646e+04
4.786828342773437180e+04
4.024054408203125058e+04
4.174219792968749243e+04
3.525265028320312558e+04
3.608594617187500262e+04
3.472091376953125291e+04
5.314424311523437791e+04
4.998456888671875640e+04
5.109127260742187354e+04
4.604181061523436802e+04
4.110462946289062529e+04
4.173555831054687587e+04
4.426608345703124360e+04
4.579744093750000320e+04
4.410010912109375204e+04
4.323455563476562384e+04
4.445697047851562093e+04
4.153644701171875204e+04
4.171661341796875058e+04
4.108827818359374942e+04
3.975230874023438082e+04
3.681680426757812529e+04
4.760028091796875378e+04
4.446559804687500582e+04
4.566360140625000349e+04
4.351129168945312267e+04
3.948144205078124651e+04
3.637222939453124854e+04
4.032204321289062500e+04
3.575391154296875175e+04
4.051357175781250407e+04
3.926126367187500000e+04
3.598677533203124767e+04
3.630468468750000466e+04
3.825885212890624825e+04
3.713354513671874884e+04
3.875498412109375931e+04
3.686695402343750175e+04
4.395774462890625000e+04
3.911414332031250524e+04
3.693700322265624709e+04
3.389994568359374534e+04
3.709979317382813315e+04
3.453500896484375698e+04
3.260525399414062122e+04
3.387813546874999884e+04
3.151899416015625320e+04
2.926343863281250015e+04
3.001002022460937587e+04
2.772822120117187296e+04
2.964001607421874724e+04
3.167781436523437515e+04
2.850998924804687704e+04
2.787370916992187267e+04
3.537464107421875815e+04
3.555976879882812500e+04
3.344864636718749534e+04
3.125510714843749884e+04
3.581674984374999622e+04
3.606403986328125029e+04
3.210711984374999884e+04
3.293666721679687180e+04
3.190820863281250058e+04
3.075477594726562529e+04
2.793077590820312253e+04
2.809175170898437500e+04
2.997127172851562500e+04
3.212089599609375000e+04
2.873529173828125204e+04
3.419728606445312471e+04
2.477020085937499971e+04
2.687025740234374825e+04
2.875963636718750058e+04
2.549796840820312354e+04
3.012898811523437325e+04
3.490602075195312500e+04
2.578476023437500044e+04
3.186061029296875131e+04
2.744494445312499738e+04
2.221776299804687369e+04
2.368868492187499942e+04
2.016922843750000175e+04
2.409932195312499971e+04
2.938173195312499956e+04
2.420384874023437442e+04
2.667710481445312325e+04
3.722531243164062471e+04
3.137670099609375029e+04
2.768845208984375495e+04
2.869016374023437675e+04
3.242923651367187267e+04
3.092551000976562500e+04
2.879417695312499927e+04
2.904470344726562325e+04
2.696174827148437180e+04
2.911154847656250058e+04
2.563884635742187675e+04
2.698223337890624680e+04
2.930850249999999869e+04
2.915654187500000262e+04
2.709276095703124884e+04
2.873540008789062995e+04
2.021932168945312515e+04
2.072259406250000029e+04
1.814566830078124985e+04
2.116053115234374854e+04
2.250608133789062413e+04
2.562432924804687354e+04
2.210096888671875058e+04
2.681607334960937442e+04
1.905198458984374884e+04
2.563050702148437267e+04
2.111667717773437471e+04
2.345130149414062180e+04
2.635931515624999884e+04
2.414091060546875087e+04
2.390558147460937471e+04
2.334646366210937413e+04
2.665650828125000044e+04
2.568288634765624738e+04
2.868757332031249825e+04
2.639295604492187340e+04
2.703364572265625247e+04
2.999518828125000073e+04
2.813745979492187325e+04
3.233509283203125233e+04
2.485503079101562253e+04
2.424332637695312587e+04
2.374377478515624898e+04
2.162726446289062733e+04
2.529785079101562587e+04
2.590051423828124825e+04
2.029445865234375015e+04
1.876933368164062631e+04
2.687835062499999913e+04
2.734331062499999825e+04
2.809452614257812456e+04
2.738698709960937413e+04
2.718161760742187471e+04
2.762502065429687354e+04
2.689320285156249884e+04
2.732237351562500044e+04
2.851684251953125204e+04
2.785154325195312413e+04
3.000567057617187675e+04
2.953852199218750320e+04
2.893883477539062733e+04
2.905904858398437500e+04
3.002942195312499825e+04
3.008890012695312544e+04
2.697949557617187384e+04
2.797367698242187180e+04
2.808997794921875175e+04
2.829923154296875146e+04
2.977493525390625291e+04
3.317682958984375000e+04
3.155174701171874767e+04
3.599155980468750204e+04
2.795517492187499738e+04
2.979487833984375175e+04
3.168928894531249898e+04
3.405170907226562849e+04
3.398174736328124709e+04
3.900652620117187325e+04
3.523591602539062296e+04
4.036496017578124884e+04
3.351830651367187966e+04
3.303031366210937267e+04
3.529561415039062558e+04
3.424145008789062558e+04
3.304131824218749534e+04
3.471226832031249796e+04
3.415842173828124942e+04
3.234791350585937471e+04
2.773961703124999985e+04
2.930195713867187806e+04
1.929126827148437587e+04
2.157488799804687733e+04
2.550134509765624898e+04
2.722058409179687442e+04
2.208397730468749796e+04
5.695415283203125000e+04
3.578688611328124534e+04
3.394992118164062413e+04
3.167945868164062267e+04
3.434543201171874534e+04
3.807698533203124680e+04
3.408010800781250146e+04
3.476468700195312704e+04
2.521881161132812485e+04
2.712635754882812762e+04
2.773866308593749636e+04
2.205909440429687675e+04
2.264133617187499840e+04
2.454141976562499985e+04
2.301215714843750175e+04
2.321525138671875175e+04
2.288646047167968572e+04
3.933863892578124796e+04
3.955075097656250000e+04
4.387083038085937733e+04
4.767333995117187442e+04
4.027780210937499942e+04
4.143941409179687616e+04
4.614259462890625582e+04
4.799759889648437093e+04
4.170759210937500029e+04
4.690075085937499534e+04
4.720078835937500116e+04
5.101237562500000058e+04
4.915106623046875029e+04
5.339547601562499767e+04
5.188069234375000087e+04
5.971911987304687500e+04
4.048376794921875262e+04
4.271364611328124738e+04
4.864262002929687151e+04
5.271514153320312471e+04
4.408434273437500087e+04
4.547746578125000087e+04
5.411158238281249942e+04
5.750899317382812296e+04
5.642541525390624884e+04
6.035128795898437238e+04
6.524370340820313140e+04
7.092482354492187733e+04
6.411055066406249534e+04
6.345857452148437733e+04
7.415434258789062733e+04
7.351382305664062733e+04
4.570663856445312558e+04
5.028348983398437122e+04
4.562823258789062675e+04
4.910893722656249884e+04
5.262276642578125029e+04
6.019554834960937296e+04
5.377155396484375524e+04
5.846168093750000116e+04
4.649162455078124913e+04
4.857925159179687034e+04
4.810478035156249825e+04
5.428503044921874971e+04
5.544022002929687733e+04
6.752309277343750000e+04
6.545614860351562675e+04
8.984537022460937442e+04
6.752606489257812791e+04
7.765390163085938548e+04
6.562142691406249651e+04
8.529598565429687733e+04
7.457596461914063548e+04
9.810335594726563431e+04
1.021327432519531285e+05
1.308405765625000058e+05
8.484079154296874185e+04
1.047560793652343709e+05
9.987494231445313198e+04
1.313393735351562500e+05
1.414016262695312616e+05
1.803399948242187384e+05
1.623546931640625116e+05
3.229586953125000000e+05
4.865798097656249593e+04
6.589367454101561452e+04
5.688849856445312616e+04
7.113951028320312616e+04
7.407830907226563431e+04
8.592326870117188082e+04
9.430675866210936510e+04
1.156034200292968890e+05
7.490580167968750175e+04
8.846877444335937616e+04
7.831562318359373603e+04
9.669391701171874593e+04
1.102669542675781267e+05
1.385609432617187558e+05
1.253568547753906314e+05
1.906372183593749942e+05
1.145564703515625006e+05
1.381069512695312442e+05
1.471186983398437733e+05
1.669223175781249884e+05
1.795513635742187616e+05
2.135653271484375000e+05
2.460739335937500000e+05
1.816841822265625233e+05
1.950704749023437616e+05
2.615520798828124825e+05
2.859198832031249767e+05
1.912815000976562733e+05
1.662600483398437500e+05
1.295838117187500029e+05
1.523935084960937384e+05
1.211667847363281180e+05
1.293144935546874913e+05
1.409564264648437384e+05
1.875423649414062384e+05
2.292895276367187616e+05
1.673400317382812500e+05
2.851396381835937500e+05
3.052143917968750466e+05
2.040902274414062558e+05
2.859496826171875000e+05
4.148825500976562616e+05
5.020232560546875466e+05
2.760303710937500000e+05
2.264567381835937267e+05
1.363999462890625000e+05
1.573834138671875116e+05
1.216402455761718738e+05
2.001661825195312558e+05
1.624138791992187616e+05
1.646842323242187267e+05
1.455617105468749942e+05
1.377155691406250116e+05
1.080661714550781180e+05
1.242514319335937471e+05
1.078715316113281297e+05
1.311523666015625058e+05
1.271372269531250058e+05
1.072937836816406343e+05
9.563999481445312267e+04
1.088825722460937541e+05
8.506496955078125757e+04
8.319464875976562325e+04
6.919148719726564013e+04
5.319812571289062907e+04
6.422231156249999913e+04
6.383959701171875349e+04
9.054066500976562384e+04
7.758695145507811685e+04
1.004785789062499971e+05
1.033201670800781285e+05
1.333342336914062616e+05
7.837350430664062151e+04
1.149911609277343669e+05
9.053920776367187500e+04
1.144832348339843738e+05
1.393077638671874884e+05
1.767947889648437558e+05
1.355014826171874884e+05
2.096535941406250058e+05
1.113491250097656157e+05
1.350745587890624884e+05
1.426213645507812325e+05
1.917277118164062267e+05
2.075197897460937384e+05
4.808113027343750000e+05
3.113475287109374767e+05
2.472062605468749825e+05
2.039096533203125000e+05
3.017739872070312267e+05
3.011513487304687733e+05
2.070763948242187616e+05
1.890421544921874884e+05
1.384507657226562442e+05
1.296724755859375000e+05
1.077920409082031256e+05
1.129882705566406221e+05
1.350903639648437384e+05
1.052562679785156215e+05
1.554808535156250000e+05
2.005206674804687500e+05
2.740618922851562384e+05
2.872757620117187034e+05
2.035925279296874942e+05
1.365619554882812663e+05
1.722650603515624825e+05
1.800979573242187616e+05
1.168115139355468709e+05
1.535560769531249825e+05
1.508324604492187500e+05
1.006410862207031169e+05
1.170038949804687436e+05
2.040745048828125000e+05
1.594162668945312616e+05
1.638684602539062616e+05
1.353441458984375058e+05
1.061125312304687395e+05
9.473590836914062675e+04
1.000830753125000047e+05
8.282376014648436103e+04
1.436358809570312442e+05
1.087788492773437465e+05
1.042730701464843587e+05
9.194508428710937733e+04
9.349732199218749884e+04
7.399912878906250990e+04
8.371457465820311336e+04
6.808332331054686802e+04
3.249474712890624651e+05
1.675992930664062733e+05
1.725609188476562558e+05
1.281922545898437384e+05
1.219799677734375000e+05
9.301345944335937384e+04
1.042890268945312419e+05
8.014746010742188082e+04
1.202228786816406209e+05
9.035784057617187500e+04
9.220778231445312849e+04
7.341221520507812966e+04
9.057447691406248487e+04
7.142309605468749942e+04
7.250014521484375291e+04
6.586068275390625058e+04
8.504755305664062325e+04
8.064267341796874825e+04
7.110458364257813082e+04
6.564865148437500466e+04
6.646791417968750466e+04
7.067745842773438198e+04
5.740356809570312907e+04
5.780398909179687325e+04
5.771043636718750349e+04
5.361996080078124942e+04
5.017796864257811831e+04
4.507755550781250349e+04
5.133802574218749942e+04
4.837265055664062675e+04
4.678751758789063024e+04
4.293551870117188082e+04
7.773904942382813897e+04
6.773699239257813315e+04
6.837659194335938082e+04
6.226700393554687616e+04
5.831637664062499971e+04
5.849413913085937384e+04
5.397513876953125146e+04
5.120950971679687791e+04
6.211831239257812558e+04
5.980319534179687616e+04
5.692208172851562267e+04
5.244510752929687442e+04
5.177945944335937384e+04
4.302469427734374767e+04
4.610811409179687325e+04
4.175087113281250640e+04
4.420336331054687616e+04
4.386425836914062529e+04
4.238767676757813024e+04
4.448126105468750029e+04
4.336084586914062675e+04
4.100498915039062558e+04
4.089396347656250146e+04
3.908168238281250524e+04
4.238248569335936918e+04
4.412592766601562471e+04
4.389108603515624418e+04
4.405578756835937384e+04
4.178636163085937733e+04
3.796801445312499709e+04
4.027054051757811976e+04
3.751188824218750233e+04
2.745517205078124971e+04
2.588169148437499825e+04
2.917998529296874767e+04
2.625296952148437413e+04
2.615413834960937675e+04
2.950195007812499898e+04
2.596403457031250218e+04
2.815191980468750262e+04
3.359783019531250466e+04
2.936324555664062063e+04
3.910515858398437558e+04
3.486708433593749942e+04
2.814802104492187573e+04
2.899411061523437820e+04
3.215595751953125000e+04
3.140422006835937646e+04
3.185085584960937558e+04
3.173814974609374985e+04
3.138089030273437311e+04
3.256581314453124651e+04
3.249027837890624869e+04
3.300994250000000466e+04
3.488893403320312063e+04
3.758155253906249709e+04
3.064209302734374796e+04
3.513816371093750058e+04
3.354963384765625233e+04
3.984519520507812558e+04
3.766715562499999942e+04
3.974513295898437354e+04
3.927477349609375233e+04
4.014755046874999243e+04
3.901145917968750291e+04
3.843212994140625233e+04
3.856873567382812325e+04
3.588624160156250582e+04
3.622429880859375407e+04
3.445317542968750058e+04
3.435087723632813140e+04
3.344430315429687471e+04
3.734164908203124651e+04
3.629971005859374418e+04
3.971683305664062209e+04
3.921714215820312529e+04
3.626958668945312093e+04
3.376826627929687675e+04
3.700162501953124593e+04
4.230642364257812733e+04
3.885265594726562267e+04
4.221148122070312093e+04
3.685403063476562966e+04
4.269450747070312354e+04
4.249367480468750000e+04
3.996845904296875233e+04
4.746204895507812762e+04
5.141516499023437791e+04
3.903589926757811918e+04
4.321607131835937616e+04
4.424341263671874913e+04
5.029101682617187180e+04
4.824653641601562413e+04
5.578134213867186918e+04
5.031388588867187354e+04
5.278827050781250000e+04
3.413019568359375262e+04
3.470237270507813082e+04
3.722703492187499069e+04
3.729676898437500495e+04
4.135344176757812238e+04
5.222274998046874680e+04
4.546005888671874709e+04
5.850935914062500524e+04
3.987145156250000582e+04
4.156418709960937849e+04
3.917838974609374418e+04
4.466107991210937325e+04
5.405318156250000175e+04
6.685657592773437500e+04
7.045276875976563315e+04
4.135613790624999674e+05
5.362523828125000000e+04
5.895161554687500029e+04
5.938708282226562733e+04
6.235288418945312878e+04
6.572307695312499709e+04
6.910502083984375349e+04
7.348295777343749069e+04
6.719980907226561976e+04
6.458134293945311947e+04
6.629091739257812151e+04
8.063201003906250116e+04
6.564017219726562325e+04
6.757113954101562558e+04
6.546289874023436278e+04
6.322899459960937384e+04
5.822348730468750000e+04
4.069707613281249360e+04
5.007230292968750291e+04
5.170266946289062616e+04
5.701010502929687209e+04
7.217612016601562209e+04
9.961757937500000116e+04
6.716315308593750524e+04
6.570432065429688373e+04
6.365307042968750466e+04
6.767702451171875873e+04
7.660000060546875466e+04
7.837491764648436219e+04
6.545893829101562733e+04
5.983699751953124360e+04
6.665368550781249360e+04
5.207381712890625204e+04
7.450789993164062616e+04
5.728979418945312500e+04
6.156871414062500116e+04
5.718621111328124243e+04
5.615379564453124476e+04
5.404919942382812587e+04
5.166447563476562209e+04
4.672981823242187966e+04
5.924748406249999971e+04
5.162871767578124127e+04
4.750283932617187384e+04
4.443966564453124738e+04
4.680512798828125233e+04
4.268907322265625407e+04
4.103835224609374563e+04
3.903953895507812558e+04
4.260529606445312675e+04
4.529458552734374825e+04
3.970977267578124884e+04
4.433165361328124709e+04
4.415522888671874534e+04
4.601993423828124651e+04
4.963374923828124884e+04
5.914051803710937384e+04
4.168001077148437616e+04
4.621717876953125233e+04
4.827989276367187267e+04
5.492829371093750524e+04
5.432693711914062442e+04
6.637212873046874302e+04
6.562181832031249360e+04
7.820399327148437442e+04
4.615237935546874360e+04
5.094616553710938024e+04
5.225892314453124709e+04
6.130818983398437558e+04
5.901387237304687005e+04
6.624575639648438664e+04
7.998162992187500640e+04
7.253810236328124302e+04
7.089275992187501106e+04
8.067903375000000233e+04
8.795974446289060870e+04
8.550761575195312616e+04
1.308778410546874802e+05
8.814239427734375931e+04
3.287745932714843657e+05
7.591154747070312442e+04
5.389081261718750466e+04
5.784958930664062063e+04
6.270385479492187733e+04
7.950442038085937384e+04
7.941194828124999185e+04
8.748947867187499651e+04
9.981199042968750291e+04
8.218059091796874418e+04
1.033031903320312413e+05
1.268546600488281110e+05
1.828360086914062267e+05
1.078845987500000047e+05
8.828934017578125349e+04
6.303779603515625058e+04
7.567882013671874302e+04
6.418645405273436336e+04
8.507785114257811802e+04
5.945713040039062616e+04
6.454461531249999825e+04
4.852446842773437675e+04
5.422570094726562093e+04
4.971151766601562849e+04
4.186590725585937616e+04
3.761747056640624942e+04
5.651380080078124593e+04
4.936583870117187325e+04
6.069098371093750029e+04
5.125085190429687646e+04
4.059548008789062442e+04
3.700554639648437296e+04
3.974696014648437267e+04
3.446007734375000291e+04
8.446120549804688198e+04
7.607228485351562267e+04
8.839733907226563315e+04
6.543947748046874767e+04
5.403683851562500058e+04
4.355298202148437122e+04
4.606390952148437646e+04
3.836527301757812529e+04
6.800946627929687384e+04
5.363762264648437849e+04
5.477114707031250146e+04
5.061353339843750291e+04
4.482536761718749767e+04
3.737906354492187529e+04
4.691430616210938024e+04
4.035562519531250291e+04
3.894535306640625640e+04
3.656973187499999767e+04
3.641848934570312849e+04
3.288471335937500407e+04
3.391992774414063024e+04
3.282950114257812675e+04
3.222134656250000262e+04
3.042173931640625233e+04
3.350687277343749884e+04
3.298339264648437529e+04
3.544864202148437471e+04
3.461155511718749767e+04
3.112909512695312151e+04
2.991887412109375146e+04
3.497771145507812616e+04
3.228720686523437325e+04
4.545245081054687034e+04
4.357134526367187209e+04
3.937583860351562907e+04
4.164293559570312209e+04
4.456355608398437471e+04
4.485892413085937733e+04
3.965711195312500058e+04
4.014884310546875349e+04
3.506152832031250000e+04
3.613495534179687093e+04
3.126008844726562529e+04
2.744220565429687485e+04
3.501946525390625175e+04
3.387801034179687849e+04
2.935165846679687820e+04
2.896079890624999825e+04
4.091649198242187413e+04
3.846702708007812907e+04
4.306094627929687704e+04
4.111936453125000116e+04
3.586990010742187587e+04
3.174751175781249913e+04
3.610782976562500698e+04
3.475491429687499476e+04
3.407852887695312529e+04
3.520926138671874651e+04
3.029558516601562224e+04
3.137476953125000000e+04
3.467039437500000349e+04
3.466184809570312791e+04
3.267599499999999898e+04
3.121464847656250276e+04
2.329238102539062311e+04
2.384912512695312762e+04
2.468471650390625291e+04
2.554950328124999942e+04
2.484505086914062485e+04
2.439428738281250116e+04
2.652105069335937151e+04
2.767168659179687529e+04
2.600167970703124956e+04
2.953446101562500189e+04
3.038849624023437354e+04
3.353229933593749593e+04
3.274229565429687864e+04
3.322472259765624767e+04
3.687761162109375437e+04
3.848339406250000320e+04
2.740058692382812296e+04
3.020913049804687762e+04
2.948624267578125000e+04
3.113604235351562602e+04
2.751491943359375000e+04
2.775988757812500262e+04
3.003180516601562704e+04
3.155684046875000058e+04
3.501479097656250087e+04
3.524723681640625000e+04
3.971272166992186976e+04
4.012630407226562966e+04
3.437615056640624971e+04
3.602477251953125233e+04
4.064126568359375233e+04
3.642097458007812384e+04
3.281138658203124942e+04
3.473978765625000233e+04
3.069589422851562267e+04
3.132851550781249898e+04
3.655265999023437325e+04
3.780017949218749709e+04
3.270756961914062049e+04
3.517327657226561860e+04
2.836035496093750407e+04
2.805101835937500073e+04
2.893501053710937413e+04
2.872635889648437296e+04
3.055823414062499796e+04
3.574464374023437995e+04
3.306931241210937151e+04
3.924201782226562500e+04
3.701969945312500204e+04
3.589583333007812325e+04
3.576079519531250116e+04
3.498567366210937325e+04
3.902251209960937558e+04
3.947086548828125524e+04
3.874920066406249680e+04
5.587425565429687413e+04
3.824741567382813082e+04
4.079863923828124825e+04
4.093160097656249854e+04
4.550205568359374593e+04
4.601159209960937733e+04
5.512348491210937209e+04
4.933977658203124884e+04
5.007010208984374913e+04
3.015112934570312427e+04
3.501243057617187151e+04
3.763613209960937093e+04
3.837802453125000466e+04
3.325913931640625378e+04
3.157580402343750029e+04
3.469632819335937529e+04
3.442752204101562529e+04
3.799759555664062646e+04
3.856958878906249447e+04
3.814738507812500029e+04
4.171913367187500262e+04
3.921592378906250087e+04
4.027755600585936918e+04
4.591976369140625320e+04
4.346183720703125437e+04
3.801775436523437384e+04
4.211333444335937384e+04
4.109197008789062966e+04
4.478438597656249476e+04
4.254052214843749971e+04
3.769017771484375407e+04
4.242353204101562733e+04
3.218749187499999971e+04
4.798318695312499767e+04
4.242834718749999593e+04
4.729496625976562791e+04
4.289171896484374884e+04
3.501358089843750349e+04
2.806917552734375204e+04
3.652343599609375087e+04
2.783832719726562573e+04
4.523710086914063140e+04
4.910500736328125640e+04
5.165100100585937616e+04
5.337830250000000524e+04
5.275609470703124680e+04
4.360213563476562558e+04
5.116813843749999796e+04
4.390891810546875058e+04
4.899424883789062733e+04
4.885423468750000029e+04
4.592062515624999651e+04
4.127157769531250233e+04
4.978172030273437849e+04
4.095720392578125757e+04
4.782521743164063082e+04
3.915884885742187180e+04
3.925525570312500349e+04
3.616553576171875466e+04
3.725610192382812238e+04
3.424244072265624709e+04
3.294797794921875175e+04
2.857044880859374825e+04
3.036336816406250000e+04
2.591337138671874709e+04
4.173458098632811743e+04
3.656369437500000640e+04
4.148072318359375640e+04
3.833180983398437820e+04
3.074916055664062515e+04
2.712242040039062704e+04
3.508759647460937413e+04
3.048931191406249854e+04
3.252468674804687907e+04
3.360289755859375146e+04
3.796550250000000233e+04
3.894141001953124942e+04
3.902155379882812849e+04
4.161673851562500204e+04
4.470889961914062587e+04
4.645164860351561947e+04
4.391954626953125262e+04
4.619574508789062384e+04
4.984816390625000349e+04
5.331702914062500349e+04
4.912084800781249942e+04
5.214523374999999942e+04
5.796120121093749913e+04
6.089806325195312093e+04
4.411313555664062733e+04
4.698709592773437907e+04
4.802106206054687937e+04
5.231034805664062878e+04
5.140807816406250640e+04
4.237630635742186860e+04
4.936092021484375437e+04
4.482109769531249913e+04
5.134021988281249651e+04
5.030884677734375146e+04
5.833073422851562646e+04
5.541549680664062907e+04
4.710034394531250291e+04
4.219950867187499534e+04
4.603027914062499622e+04
3.885020921874999476e+04
5.228075194335936976e+04
5.907292402343749563e+04
5.543743828125000437e+04
6.105422099609374709e+04
6.722427681640625815e+04
5.884704486328124767e+04
5.995329361328125378e+04
5.560586383789062529e+04
6.294527645507812849e+04
6.618606235351561918e+04
6.601514188476563140e+04
6.303739314453124825e+04
5.653624868164063082e+04
5.562754377929687325e+04
5.887588279296874680e+04
5.401676499023437646e+04
5.755409287109375146e+04
5.629757718749999913e+04
5.494204316406250291e+04
5.081855479492187442e+04
4.636745632812500116e+04
4.073354569335938140e+04
4.776759975585937354e+04
4.081082862304687296e+04
5.175094384765625000e+04
5.055440185546875000e+04
5.254810475585937093e+04
4.755941524414061860e+04
4.705225662109375116e+04
4.058421948242187500e+04
4.662159916015624913e+04
4.080961706054687966e+04
4.024771084960937151e+04
3.755151053710937413e+04
3.831341773437500524e+04
3.871788300781250291e+04
3.834966300781250175e+04
3.593956570312500116e+04
3.724228971679687675e+04
3.415347526367187675e+04
3.754847370117187529e+04
3.809379666992187413e+04
3.789597114257812791e+04
3.815755823242187762e+04
3.792503480468750058e+04
3.579236347656250291e+04
3.506341986328125495e+04
3.361688064453124389e+04
3.731289153320312471e+04
3.368580880859374884e+04
3.260442018554687456e+04
3.266407636718749927e+04
3.148320764648437762e+04
3.174462917968749753e+04
2.882499045898437180e+04
2.806181204101562616e+04
3.303747063476562471e+04
3.158338759765624854e+04
3.217048468750000029e+04
3.002967851562500073e+04
2.549521096679687616e+04
2.512005590820312500e+04
2.579913603515625073e+04
2.362971485351562660e+04
3.723962828124999942e+04
3.612705276367187616e+04
3.865969801757812093e+04
3.511227073242187180e+04
3.347853137695312762e+04
3.223171665039062646e+04
3.268662732421875262e+04
3.245638671875000000e+04
3.780441119140625233e+04
3.518452265625000291e+04
3.754869891601562267e+04
3.684818534179686685e+04
3.382028801757812471e+04
3.226465336914062209e+04
3.428695053710936918e+04
3.078310438476562558e+04
3.160506965820312325e+04
2.872748306640625015e+04
3.088167999023437733e+04
2.815280073242187791e+04
2.667026872070312675e+04
2.165200684570312660e+04
2.462004383789062558e+04
2.048898169921874796e+04
2.958436891601562820e+04
2.444969987304687675e+04
2.779017660156249985e+04
2.430531734375000087e+04
2.148051192382812587e+04
1.971544727539062296e+04
1.991210437499999898e+04
1.837865425781250087e+04
1.808707174804687384e+04
1.968997702148437384e+04
1.845937062500000320e+04
1.959854467773437500e+04
2.641196040039062427e+04
2.690522548828124854e+04
2.015159375000000000e+04
1.827621400390625058e+04
2.101889090820312413e+04
1.894119966796875087e+04
2.091583075195312267e+04
2.100038322265625175e+04
1.966234121093749854e+04
1.916353708984375407e+04
1.989785902343750058e+04
2.009020862304687762e+04
1.884944656250000116e+04
2.157677297851562253e+04
1.891556447265624956e+04
2.151658847656249782e+04
2.309953582031249971e+04
2.238523046875000000e+04
2.166683605468750102e+04
2.021644461914062413e+04
2.110837627929687369e+04
2.211842633789062529e+04
2.011194920898437704e+04
2.304772923828124840e+04
2.218023719726562558e+04
2.302017229492187471e+04
2.441360167968750102e+04
2.663517256835937587e+04
2.041281586914062427e+04
2.232239128906249971e+04
2.227239221679687398e+04
1.960925474609374942e+04
1.901071636718749869e+04
1.836051902343749680e+04
1.854517050781250146e+04
2.103719623046874767e+04
2.448546612304687733e+04
2.348883511718750015e+04
2.413707966796874825e+04
2.544259112304687733e+04
2.164548798828125291e+04
2.370649666015624825e+04
2.419875275390625029e+04
2.601465894531249796e+04
2.062294753906250116e+04
2.289899807617187616e+04
2.329006626953124942e+04
2.746153789062500073e+04
2.741702956054687456e+04
3.271660095703124898e+04
3.038214844726562296e+04
3.815818497070312151e+04
2.739471113281249927e+04
3.252047993164062427e+04
3.053452260742187354e+04
4.431390930664062034e+04
3.555359146484375378e+04
3.866713747070312093e+04
5.131678666015624913e+04
4.691455509765625175e+04
2.224597600585937471e+04
2.482579842773437485e+04
2.038745820312499927e+04
2.428897497070312238e+04
3.098923146484375320e+04
4.270314432617187413e+04
3.114282955078125087e+04
4.532188733398437762e+04
2.285435619140624840e+04
2.760602695312499782e+04
2.724796595703125058e+04
3.394661630859375146e+04
3.544102666015624709e+04
5.215671181640625582e+04
4.090098927734374593e+04
6.373419470703125262e+04
6.095840616210937151e+04
8.408221310546874884e+04
6.953209585937499651e+04
9.490851977539062500e+04
1.128541072363281273e+05
1.765980627929687616e+05
1.226821903124999953e+05
1.075660322265625000e+05
7.896935344726561743e+04
1.030955511328124994e+05
8.686853269531250407e+04
7.153496982421874418e+04
7.783864056640624767e+04
7.185094916015624767e+04
6.291937344726562151e+04
5.653306069335937354e+04
3.709762151367186743e+04
3.959309098632812675e+04
4.815835361328125146e+04
6.372818370117187442e+04
5.927686449218750204e+04
8.594616625976562500e+04
7.559814840820312384e+04
4.831458556640624738e+04
5.383195490234374302e+04
6.279260661132812675e+04
5.320522899414061976e+04
4.589981645507812209e+04
4.513602391601562704e+04
4.412827063476562034e+04
4.056190467773437558e+04
3.764080729492187675e+04
5.857419133789061743e+04
5.735193790039062151e+04
4.937785360351562849e+04
4.396348297851562529e+04
5.071788586914062034e+04
5.229792997070313140e+04
4.576903445312500116e+04
4.081449435546874884e+04
4.159745078125000146e+04
3.373361210937499709e+04
3.237615273437499854e+04
3.019920402343750175e+04
3.251193837890624854e+04
3.170260391601562515e+04
2.696788852539062646e+04
2.626246118164062500e+04
2.233289181640624884e+04
2.501994038085937427e+04
2.361566731445312325e+04
2.411100626953125175e+04
2.508121561523437413e+04
2.922837587890624854e+04
3.242756986328124913e+04
3.627872953124999913e+04
2.730821492187499825e+04
2.782558035156250116e+04
3.015925404296875058e+04
3.078539515624999694e+04
3.321581050781250087e+04
3.976937647460938024e+04
3.484442069335937413e+04
3.412738515625000582e+04
3.139862800781249825e+04
6.887518369140625873e+04
3.661894060546874971e+04
5.638671498046875058e+04
1.386021223730468773e+05
6.095213407226563140e+04
7.693113722656251048e+04
5.258722070312500000e+04
3.674846889648437354e+04
4.393032961914061889e+04
3.221736047851562398e+04
3.746799512695312296e+04
4.309594137695312384e+04
4.447938869140624593e+04
4.010435182617187093e+04
4.177634452148437413e+04
3.059440160156250204e+04
3.702783905273437267e+04
3.507620498046874854e+04
3.915923712890625029e+04
3.839130429687500146e+04
3.320530393554687907e+04
3.897809640624999884e+04
3.224498314453125204e+04
4.065986415039062558e+04
4.365230583007812675e+04
3.702164882812499854e+04
3.670499472656250873e+04
4.120159138671875553e+04
3.205091351562499767e+04
3.364643818359375291e+04
3.056812960937499884e+04
3.364874802734375407e+04
3.669177801757812267e+04
2.833900937500000146e+04
2.945091834960937558e+04
3.774666635742187646e+04
3.369055823242187034e+04
2.969968539062499985e+04
2.835562091796875029e+04
2.760088275390625131e+04
2.614021017578125247e+04
2.424591124023437442e+04
2.443336419921874767e+04
2.291389833007812558e+04
1.917465912109375131e+04
2.005506490234374724e+04
1.806107800781249898e+04
4.187488573242187704e+04
3.739177524414062646e+04
3.956879954101562907e+04
3.560099957031250233e+04
3.365056301757812616e+04
3.405624936523437646e+04
3.375373651367187267e+04
3.064015412109375029e+04
4.233805721679687849e+04
3.881863654296875029e+04
3.926143754882812209e+04
4.196411433593749825e+04
3.554546094726563024e+04
2.622544999023437413e+04
3.711848637695312209e+04
3.032019041992187340e+04
3.227985884765625087e+04
2.714896126953124985e+04
2.712791193359375029e+04
2.693741745117187384e+04
2.646634945312500349e+04
2.573330586914062587e+04
2.542402559570312587e+04
2.844021345703124825e+04
2.384158262695312442e+04
2.277323017578124927e+04
2.439086457031250029e+04
2.258286896484375029e+04
2.203183166015624738e+04
2.790507336914062398e+04
2.240317915039062063e+04
2.357134090820312849e+04
3.520372316406249593e+04
3.944328532226562675e+04
2.506716960937499971e+04
2.731209782226562311e+04
3.586869619140624854e+04
2.987238743164062544e+04
2.788246369140625029e+04
2.808502900390625291e+04
1.770528333984375058e+04
2.029226064453124854e+04
1.843579712890624796e+04
2.203537285156250073e+04
2.010909987304687456e+04
2.089796764648437238e+04
2.128838131835937384e+04
2.103044190429687296e+04
2.397982332031249825e+04
2.317261725585937529e+04
2.588028896484374854e+04
2.434576547851562282e+04
2.061917119140624709e+04
1.857816238281250116e+04
2.188663084960937704e+04
1.799981188476562238e+04
2.063131076171874884e+04
2.445876622070312442e+04
1.846161537109375058e+04
2.240768592773437194e+04
2.160479070312499971e+04
1.950910894531250233e+04
2.429624669921874738e+04
2.419538064453124753e+04
2.540806625878906198e+04
2.696003359374999854e+04
2.616796132812499854e+04
2.711390190429687573e+04
2.811933061523437573e+04
2.852728165039062151e+04
2.703002558593749927e+04
2.841617013671874884e+04
2.466638720703125000e+04
2.445713360351562733e+04
2.459711456054687733e+04
2.550808627929687646e+04
2.657141364257812529e+04
2.790800419921874709e+04
2.595799913085937442e+04
2.767849948242187384e+04
2.838060171875000015e+04
2.699419585937500233e+04
2.881815190429687573e+04
2.682060385742187646e+04
2.433811255859374796e+04
2.168638562500000262e+04
2.482150905273437456e+04
2.483368142578125116e+04
2.963358078124999884e+04
2.902944335937500000e+04
2.927813645507812544e+04
2.909048680664062340e+04
2.730345758789062529e+04
2.591707835937500204e+04
2.747377048828124680e+04
2.584728517578124593e+04
2.538873806640625116e+04
2.518317573242187427e+04
2.565699284179687675e+04
2.497904693359375233e+04
2.443086090820312529e+04
2.557664721679687500e+04
2.421141404296875044e+04
2.544395163085937384e+04
2.429309578124999825e+04
2.214199236328124971e+04
2.331613569335937791e+04
2.048880610351562427e+04
2.042526698242187558e+04
2.199469652343749840e+04
1.839781819335937325e+04
2.026688326171875087e+04
2.690161951171874898e+04
2.771160694335937296e+04
2.589381958007812500e+04
2.718585213867187485e+04
2.595063925781250146e+04
2.335375238281250131e+04
2.587037269531250058e+04
2.327178551757812602e+04
2.398751191406249927e+04
2.728128389648437224e+04
2.179863916992187660e+04
2.682636216796874942e+04
2.727016954101562442e+04
2.817635175781249927e+04
2.867652280273437646e+04
3.224582160156250029e+04
2.199862307617187616e+04
2.324492097656249825e+04
2.531400036132812602e+04
2.453819101562500146e+04
2.386654406250000102e+04
2.517988394531249651e+04
2.408468031250000058e+04
2.601206000000000131e+04
2.512190961914062427e+04
2.511789509765624825e+04
2.346018552734375044e+04
2.375354368164062180e+04
2.640029247070312704e+04
2.603496542968750146e+04
2.303827046875000087e+04
2.398654889648437529e+04
2.640864476562500204e+04
2.855550318359374796e+04
2.744379078124999796e+04
3.038709651367187325e+04
3.051914587890625262e+04
3.056591805664062485e+04
3.313896232421875175e+04
3.508950668945311918e+04
2.719598315429687500e+04
2.799720909179687442e+04
2.769643445312499898e+04
3.085957539062500291e+04
3.081258221679687631e+04
3.594730324218749593e+04
3.302591970703125116e+04
3.602683335937499942e+04
2.170600286132812471e+04
2.214816043945312413e+04
2.263612847656249869e+04
2.255083202148437704e+04
2.103785543945312747e+04
2.180154720703125349e+04
2.200912763671874927e+04
2.342350793945312398e+04
2.700912656250000146e+04
2.678824922851562587e+04
3.063348718749999898e+04
3.011505084960937529e+04
2.591877110351562442e+04
2.552799038085937354e+04
3.297332753906249854e+04
2.985990140624999913e+04
2.452823639648437529e+04
3.055856232421875029e+04
2.512115457031250116e+04
2.941717180664062471e+04
3.401816993164062296e+04
3.450491226562499651e+04
3.565543069335937616e+04
3.450054064453125466e+04
2.550298955078125073e+04
3.108713276367187427e+04
2.909107286132812442e+04
3.108154969726562558e+04
3.162674295898437413e+04
3.493109953125000175e+04
3.185979736328125000e+04
3.688777631835937791e+04
2.332653463867187384e+04
2.068048708984375116e+04
2.432325513671875160e+04
2.196723337890625044e+04
2.118320468749999782e+04
2.187892133789062427e+04
2.105737356445312616e+04
2.492040527343750000e+04
2.469481044921874854e+04
2.230920117187500000e+04
2.457133063476562529e+04
2.348416270507812442e+04
2.451463008789062587e+04
2.841329298828124956e+04
2.823432965820312529e+04
3.046358953124999971e+04
2.521592486328125233e+04
2.937520191406250160e+04
2.815364605468750233e+04
3.047542088867187704e+04
3.134321734375000233e+04
3.441132912109375320e+04
3.304397706054687296e+04
3.531786992187499709e+04
2.944203758789062340e+04
3.098964670898437544e+04
3.199823371093750029e+04
3.300736574218750320e+04
3.312990147460937442e+04
3.532693772460937907e+04
3.218026474609375146e+04
3.311442772460937704e+04
2.559869991210937587e+04
2.667502750976562675e+04
2.843702534179687427e+04
2.993652392578125000e+04
3.212415075195312238e+04
3.442755999023438198e+04
3.282775043945312791e+04
3.538584625000000233e+04
2.930899034179687442e+04
3.202377859375000116e+04
3.304543518554687034e+04
3.438987869140625116e+04
3.500569690429687034e+04
3.568101219726562704e+04
3.682380380859375146e+04
3.740081730468750175e+04
3.491431795898437122e+04
3.082518626953125204e+04
3.385305332031250146e+04
3.126777265625000291e+04
3.137195108398437515e+04
3.471750434570312791e+04
3.103940568359374811e+04
3.381677506835937675e+04
3.344490141601562209e+04
3.359500033203125349e+04
3.686873417968750437e+04
3.587646908203125349e+04
3.284425178710937325e+04
3.405225733398438024e+04
3.593756877929687471e+04
4.005143462890625233e+04
3.184379429687499942e+04
3.345365186523438024e+04
3.002491128906250015e+04
3.035910086914062413e+04
3.706926260742187878e+04
3.362020803710937616e+04
3.635761746093750116e+04
4.012016341796875349e+04
3.303006078125000204e+04
2.929009749023437325e+04
3.537844486328124913e+04
3.449693738281250262e+04
3.513293342773437325e+04
4.022523312500000611e+04
3.577875900390625611e+04
4.157833947265625466e+04
3.107914760742187354e+04
3.325907523437500640e+04
3.713529551757812442e+04
3.565416803710936802e+04
3.520700232421874534e+04
3.876765453124999476e+04
3.714277898437499971e+04
3.861850246093749593e+04
4.255460381835937733e+04
3.858491943359375000e+04
4.410147995117187384e+04
4.777656902343750698e+04
3.894029249999999593e+04
3.827137498046875407e+04
4.314137426757812500e+04
4.405148301757812442e+04
3.607670443359375349e+04
3.465243427734375291e+04
3.616174026367187616e+04
3.892914105468749767e+04
3.703216881835937966e+04
4.218858594726562296e+04
4.037211174804687471e+04
4.844929146484374360e+04
3.843122758789062209e+04
4.601218333984374476e+04
4.638002981445311889e+04
5.635656481445312966e+04
5.163293892578125087e+04
5.666226267578125407e+04
6.177819025390625757e+04
6.302711599609375116e+04
4.357138555664062733e+04
5.266453010742187325e+04
6.382740958984375175e+04
7.461948799804688315e+04
5.108431560546874971e+04
5.265645111328124767e+04
7.628248656249999476e+04
7.087882105468749069e+04
7.461485488281250582e+04
8.836135598632812616e+04
9.145123359374998836e+04
1.123087770312500070e+05
9.440455614257813431e+04
9.448243813476561627e+04
1.461674097656249942e+05
1.498815428710937558e+05
2.499370986425781302e+04
2.639402889648437485e+04
2.689763312500000029e+04
2.778482655273437558e+04
2.710796815429687558e+04
2.570588504882812413e+04
2.976237650390624913e+04
3.005195116210937704e+04
2.828693137695312544e+04
2.772332183593749869e+04
2.756576561523437704e+04
2.814404970703124854e+04
3.115979796875000102e+04
2.844596745117187675e+04
2.782798992187499971e+04
2.668013088867187616e+04
2.591586513671874854e+04
2.426631874023437558e+04
2.883095181640624651e+04
2.705402051757812296e+04
2.535741460937499869e+04
2.559733253906249956e+04
2.576286606445312646e+04
2.415897371093749825e+04
2.760814425781250247e+04
2.657360164062499825e+04
2.662955566406250000e+04
2.781217676757812296e+04
2.615507332031249825e+04
2.659052757812500204e+04
2.768082492187499884e+04
2.858693000976562325e+04
2.840096114257812587e+04
2.761949497070312646e+04
2.769481780273437471e+04
2.448430368164062384e+04
2.478658283203125029e+04
2.607684155273437500e+04
2.297355046874999971e+04
2.686996287109375044e+04
2.381177975585937384e+04
2.118933366210937311e+04
2.068280399414062413e+04
2.103364006835937471e+04
2.430825445312500233e+04
2.453682993164062282e+04
2.472059165039062646e+04
2.659922118164062704e+04
2.677977152343749913e+04
2.779340167968750029e+04
2.682027440429687704e+04
2.632022396484374985e+04
2.785549250000000029e+04
2.927507143554687354e+04
2.864481936523437253e+04
3.061511678710937485e+04
2.516737879882812558e+04
2.600734146484375015e+04
2.510783985351562296e+04
2.667576136718750058e+04
2.796332980468749884e+04
2.988196813476562238e+04
2.865156994140624738e+04
2.873997840820312558e+04
2.384757034179687616e+04
2.120592211914062500e+04
2.556514427734375204e+04
2.663607083007812616e+04
2.221520939453125175e+04
2.314644926757812573e+04
2.617100378906249898e+04
2.650910149414062471e+04
2.793401548828124942e+04
2.883055005859374796e+04
2.971357321289062384e+04
3.049563910156249767e+04
2.788924995117187791e+04
2.905186771484375276e+04
3.159920226562500102e+04
3.307589745117187704e+04
2.260518928710937325e+04
2.332968738281249898e+04
2.561624659179687296e+04
2.739901349609375029e+04
2.426353331054687442e+04
2.376376280273437442e+04
2.660270312500000000e+04
2.557608211914062485e+04
2.920426047851562544e+04
2.827990430664062296e+04
3.322902793945312442e+04
3.168947948242187704e+04
2.792196843749999971e+04
2.685850973632812384e+04
3.144839511718749782e+04
3.010640060546874884e+04
2.975743416992187485e+04
3.222885781249999854e+04
3.066569766601562515e+04
3.278786241210937442e+04
3.402038234374999593e+04
3.454435623046875116e+04
3.508786875976562442e+04
3.647251486328124884e+04
2.960364969726562413e+04
3.179508808593749927e+04
2.941613570312499724e+04
3.116637415039062398e+04
3.489406571289063140e+04
3.719460807617187675e+04
3.272082890625000073e+04
3.463013091796875233e+04
3.497903183593749418e+04
3.400463650390625116e+04
3.695558916015624709e+04
3.773015797851562093e+04
3.384286235351562209e+04
3.322402470703124709e+04
3.472626994140625175e+04
3.351314146484374942e+04
3.620155357421874942e+04
3.739592657226562733e+04
3.393321916015625175e+04
3.394881883789061976e+04
3.405154143554687471e+04
3.203284993164062325e+04
3.193690682617187485e+04
3.140116466796875102e+04
2.065952720703124942e+04
2.146858027343749927e+04
2.142765183593749680e+04
2.119354083984375029e+04
2.538689402343749680e+04
2.822359635742187675e+04
2.722558523437500116e+04
2.760931683593749767e+04
2.142550360351562267e+04
2.314916101562499898e+04
2.360571634765624913e+04
2.637451541015625116e+04
2.763788041992187573e+04
2.700074608398437704e+04
2.779788160156250160e+04
2.631495969726562180e+04
2.581944767578125175e+04
2.581687131835937180e+04
2.622280946289062558e+04
2.716954793945312122e+04
2.783651075195312296e+04
2.726025008789062485e+04
2.721716336914062413e+04
2.671157425781249913e+04
2.650152001953125000e+04
2.704774150390624709e+04
2.756814363281249825e+04
2.735026095703124884e+04
2.777005254882812369e+04
2.772878750976562515e+04
2.668110752929687442e+04
2.846405651367187602e+04
2.495686615234375131e+04
2.786538236328124913e+04
2.604478578125000058e+04
2.595310837890624680e+04
2.657790310546875116e+04
2.645502757812499840e+04
2.532360741210937704e+04
2.510301904296875000e+04
2.722064128906249971e+04
2.528159334960937849e+04
2.772653132812499825e+04
2.591039427734375204e+04
2.597832580078125102e+04
2.733701801757812063e+04
2.704073255859375058e+04
2.959460035156249796e+04
2.697862477539062456e+04
2.745594290039062616e+04
2.572091323242187354e+04
2.884152875976562791e+04
2.791017650390625204e+04
2.957426566406249913e+04
3.089493570312500015e+04
3.163526684570312500e+04
2.962173008789062442e+04
3.058784979492187267e+04
3.088853316406250087e+04
3.006165779296874825e+04
3.080954768554687325e+04
3.064235223632812631e+04
3.089315298828125015e+04
3.157564380859375160e+04
2.847005071289062835e+04
2.948271276367187966e+04
2.898975355468750058e+04
2.886633933593749680e+04
3.191125913085937646e+04
3.306130059570312733e+04
2.936001385742187267e+04
3.187422500000000218e+04
2.759315014648437500e+04
3.037051628906249971e+04
3.084219537109374869e+04
3.014474063476562151e+04
3.035231641601562660e+04
3.198425441406249956e+04
3.132895931640624985e+04
3.628968275390625058e+04
3.415143005859374534e+04
3.274968416992187485e+04
3.589657274414062704e+04
3.695007582031250058e+04
3.257199818359374694e+04
3.296207777343750058e+04
3.661505754882813198e+04
3.581713221679687558e+04
3.769136330078124593e+04
4.048101717773437849e+04
4.074277011718749418e+04
4.430948859375000757e+04
4.065000221679687093e+04
4.143564864257812587e+04
4.533295345703125349e+04
4.826653874999999971e+04
2.902019244140624869e+04
3.152932157226562413e+04
3.242890000976562078e+04
3.449882902343750175e+04
3.526226247070312093e+04
3.882128871093750058e+04
3.589635256835937616e+04
3.853844057617186627e+04
3.243650685546874956e+04
3.567410762695311860e+04
3.085971474609374854e+04
3.283697486328125524e+04
3.638927606445312267e+04
3.972409108398437093e+04
3.503619828125000640e+04
3.992311276367187384e+04
4.108102878906250407e+04
4.360076520507812529e+04
4.087631181640624709e+04
4.258523008789062442e+04
4.722137416015625058e+04
4.908780952148437791e+04
4.570803187500000058e+04
4.861927046875000087e+04
4.144839952148437442e+04
4.425379186523437966e+04
4.479065937500000291e+04
4.840151166992187791e+04
4.686121072265625116e+04
5.306062663085937675e+04
5.609525759765625116e+04
5.983432833007812587e+04
2.406309924121094082e+04
2.360813619140625087e+04
2.435289758789062762e+04
2.347192020507812413e+04
2.381648218750000160e+04
2.444566908203125058e+04
2.402958736328125087e+04
2.326408519531250204e+04
2.439128066406249854e+04
2.369773347656249825e+04
2.418383282226562733e+04
2.274273088867187471e+04
2.353703466796875000e+04
2.276636101562499971e+04
2.264915885742187675e+04
2.141363992187500116e+04
2.295133132812500116e+04
2.069147345703125029e+04
2.181159248046875291e+04
2.208797018554687384e+04
2.102673052734374869e+04
2.116169849609374796e+04
2.135067348632812354e+04
2.061952043945312471e+04
2.156924001953124753e+04
2.077133070312500058e+04
1.927612679687499985e+04
1.914566084960937224e+04
1.970633602539062485e+04
1.911194926757812573e+04
1.876679804687500291e+04
3.733856046875000175e+04
2.283321371093749622e+04
2.288578344726562500e+04
2.255931112304687485e+04
2.187560743164062296e+04
2.203102453125000102e+04
1.940082687499999884e+04
2.002013331054687296e+04
1.900086031250000087e+04
2.324100239257812791e+04
2.121017997070312413e+04
2.337635913085937500e+04
2.061801186523437718e+04
2.035224342773437456e+04
1.853790173828124898e+04
1.951229154296874913e+04
1.610240011718750065e+04
1.891557768554687573e+04
1.832928314453124767e+04
1.839869456054687544e+04
1.825903634765624884e+04
1.772443392578124985e+04
1.815441268554687485e+04
1.623287787109374949e+04
1.584982327148437435e+04
1.763536992187499709e+04
1.738744815429687515e+04
1.824155031249999956e+04
1.603707553710937646e+04
1.638799557617187384e+04
1.581197809570312529e+04
1.678342673828125044e+04
1.708259196289062675e+04
2.168772661132812209e+04
2.255204001953125407e+04
1.978988139648437573e+04
2.062145368164062529e+04
2.297016385742187413e+04
2.249118888671875175e+04
2.035278754882812427e+04
2.047933376953125116e+04
1.924074408203124767e+04
1.944444595703125015e+04
1.902639787109375175e+04
1.711318898437499956e+04
1.822839940429687704e+04
1.886233520507812500e+04
1.798954705078124971e+04
1.873164129882812267e+04
2.316811499999999796e+04
2.284140073242187646e+04
2.017732831054687267e+04
2.067468604492187296e+04
2.094263194335937442e+04
1.974759836914062180e+04
2.192129208984375146e+04
1.816275450195312442e+04
1.863052691406249869e+04
1.996889816406249884e+04
1.858291894531250000e+04
1.861202673828125262e+04
1.994554635742187384e+04
2.053709704101562602e+04
2.116427798828125015e+04
2.130828296874999796e+04
1.668289511718750146e+04
1.562345438476562595e+04
1.562800717773437646e+04
1.619660989257812616e+04
1.767405886718750116e+04
1.806391595703125131e+04
1.813179448242187573e+04
1.903830898437499854e+04
1.672285961914062500e+04
1.780848395507812529e+04
1.942079863281249709e+04
2.079081189453125262e+04
1.867851666015625233e+04
1.828269511718750073e+04
1.860190879882812442e+04
1.738181623046875029e+04
1.812789201171875175e+04
2.678603672851562442e+04
1.916343618164062354e+04
1.819676591796875073e+04
2.188205485351562675e+04
2.128702812499999709e+04
1.866231125976562544e+04
2.029506550781249825e+04
1.931140715820312471e+04
1.806843708007812529e+04
1.727465267578124985e+04
1.838934956054687791e+04
1.880668405273437384e+04
2.172918114257812704e+04
1.957157659179687471e+04
2.172293139648437500e+04
2.219306460937499651e+04
1.963066913085937631e+04
2.090371729492187296e+04
1.956984486328125058e+04
1.832081014648437485e+04
1.669293021484374913e+04
1.846523406249999971e+04
1.676660218750000058e+04
1.930309703124999942e+04
1.839850656249999884e+04
1.906450711914062776e+04
1.842147342773437413e+04
1.776286559570312602e+04
1.717549507812500087e+04
1.813385819335937413e+04
1.715551404296874898e+04
1.752448611328125116e+04
1.716490550781249840e+04
1.767331269531249927e+04
1.827437193359374942e+04
1.769699190429687587e+04
1.726371773437500087e+04
1.758362787109374767e+04
1.974319779296874913e+04
2.034580809570312704e+04
1.825770886718749898e+04
2.061547074218749913e+04
1.900493060546874767e+04
1.984840265625000029e+04
2.122737151367187471e+04
2.093022669921875058e+04
2.129315116210937413e+04
1.964612358398437573e+04
1.844207200195312544e+04
2.006718362304687616e+04
1.815923882812500233e+04
1.693649927734375160e+04
1.792634581054687442e+04
1.640938761718749811e+04
1.851970996093750000e+04
1.962629867187499622e+04
1.906128905273437340e+04
2.144257124023437427e+04
2.007634624023437573e+04
1.869897421875000146e+04
1.937015789062499971e+04
2.292256047851562471e+04
2.151377037109374942e+04
1.825865432617187616e+04
2.083381128906249796e+04
1.867288577148437616e+04
2.192961127929687791e+04
2.166369733398437529e+04
2.298571619140625262e+04
2.265599188476562267e+04
2.267846478515625131e+04
2.017402494140624913e+04
2.383074823242187631e+04
2.376929704101562675e+04
2.845659900390625262e+04
2.540263157226562180e+04
2.331822202148437646e+04
2.712819114257812180e+04
2.536972764648437442e+04
1.903611745117187456e+04
1.873391973632812733e+04
2.052530447265625116e+04
1.735906557617187354e+04
1.723950326171874985e+04
1.738143347656250262e+04
1.652687751953124825e+04
1.961177740234374869e+04
2.080019466796874985e+04
1.865953917968750102e+04
2.056075208007812034e+04
1.964062842773437296e+04
1.887163247070312354e+04
2.033905439453124927e+04
2.310810925781250262e+04
2.370436051757812311e+04
1.821066371093749694e+04
1.931813739257812631e+04
1.857235541992187791e+04
1.741052100585937296e+04
1.942158805664062311e+04
2.186150543945312529e+04
1.902597510742187296e+04
2.260702702148437675e+04
2.136492823242187660e+04
1.859528788085937413e+04
2.395521221679687369e+04
2.270862164062500233e+04
2.234166965820312180e+04
2.583238916015625000e+04
2.620049587890625116e+04
3.022818063476562384e+04
2.086083226562500204e+04
2.289181906249999884e+04
2.155378462890625087e+04
2.561202663085937820e+04
2.639798363281250204e+04
2.827277230468749985e+04
2.833324119140625044e+04
3.052983409179687442e+04
2.058253310546875218e+04
2.393350973632812384e+04
2.419194216796874753e+04
2.627881874999999854e+04
2.967418181640624971e+04
3.108051634765624840e+04
3.066301966796875058e+04
3.017735548828125320e+04
2.628497355468750175e+04
2.761007713867187704e+04
2.935981172851562587e+04
3.288917875976562209e+04
3.258006543945312660e+04
3.172548153320312485e+04
3.368523284179687471e+04
3.338388643554687587e+04
2.984317689453125058e+04
3.649082275390625000e+04
3.346162833984375175e+04
3.885065958007812151e+04
3.715089222656249331e+04
3.800990121093750349e+04
3.858576436523437587e+04
3.992468105468749854e+04
2.314037530761718881e+04
2.469215177734375175e+04
2.327936760742187471e+04
2.471535338867187966e+04
2.491465804687499622e+04
2.497004550781250146e+04
2.448613075195312558e+04
2.525220294921875029e+04
2.528700997070312587e+04
2.472875278320312646e+04
2.527364511718750146e+04
2.424268341796875029e+04
2.428417011718750291e+04
2.401512193359374942e+04
2.379424818359375058e+04
2.234725595703124782e+04
2.593593043945312093e+04
2.507355645507812369e+04
2.485908421875000204e+04
2.538859065429687325e+04
2.530704794921874782e+04
2.462026948242187427e+04
2.485863947265625029e+04
2.457447363281250000e+04
2.384820393554687689e+04
2.413026063476562558e+04
2.179691622070312587e+04
2.375730523437500233e+04
2.343964234375000160e+04
2.386364313476562529e+04
2.525039789062500131e+04
2.375525671875000262e+04
2.267509581054687442e+04
2.126370825195312500e+04
2.066015701171875116e+04
2.056527663085937456e+04
2.155946982421874782e+04
2.225822926757812820e+04
2.220998168945312500e+04
2.230261103515625291e+04
2.084613278320312384e+04
2.037189851562499825e+04
2.071079407226562398e+04
2.146052053710937616e+04
2.257198416015625116e+04
2.307233059570312616e+04
2.214926811523437937e+04
2.490786085937499956e+04
2.230550944335937675e+04
2.412820936523437558e+04
2.345107916992187529e+04
2.712056660156249927e+04
2.504745417968749825e+04
2.459014481445312413e+04
2.600007268554687471e+04
2.637694472656249854e+04
2.447887589843750175e+04
2.902523079101562325e+04
2.821732098632812267e+04
2.870421839843750058e+04
2.815521375000000262e+04
2.875155487304687267e+04
2.968706559570312675e+04
3.052131628906249898e+04
2.427153252929687733e+04
2.450661825195312485e+04
2.449680209960937646e+04
2.486672103515624985e+04
2.499214148437500262e+04
2.450517087890625044e+04
2.522525608398437544e+04
2.676668125976562442e+04
2.335523765624999942e+04
2.550708843749999869e+04
2.466655374999999913e+04
2.476478278320312529e+04
2.569061119140624942e+04
2.818373313476562907e+04
2.665310923828124942e+04
2.973315588867187762e+04
2.651407857421875087e+04
2.943543076171875146e+04
2.892462838867187747e+04
3.180155457031250262e+04
3.142680953125000087e+04
3.663770402343749447e+04
3.611965585937500146e+04
3.948724549804687558e+04
3.057944022460937413e+04
3.361534613281249767e+04
3.130363156249999884e+04
3.510935221679687675e+04
3.635383948242187034e+04
3.850395478515625291e+04
3.955542367187500349e+04
4.228177106445312529e+04
2.429968472656249651e+04
2.459839702148437573e+04
2.620149170898437296e+04
2.932676087890625058e+04
2.886317680664062209e+04
3.169386338867187442e+04
3.184341160156250044e+04
3.691812169921875466e+04
2.958712742187500044e+04
3.204515973632812165e+04
2.956199850585937384e+04
3.413024926757812500e+04
3.268174099609374753e+04
3.607371276367187966e+04
3.290250645507812442e+04
3.279535955078124971e+04
3.513484208007812413e+04
3.730069402343749971e+04
3.777102365234374884e+04
3.668954208984374418e+04
4.296900937500000146e+04
4.358039192382812325e+04
4.058511006835936860e+04
4.041456227539062093e+04
3.558240212890625116e+04
3.335478937499999302e+04
3.271274156249999942e+04
3.560592016601562500e+04
3.855732250976562500e+04
4.394852083984375349e+04
4.100699938476562238e+04
4.393206499023437209e+04
2.145277365234374884e+04
2.075870013671874767e+04
2.319984681640625058e+04
2.472219838867187354e+04
2.470487502929687616e+04
2.903120000976562369e+04
2.712523423828124942e+04
2.780203178710937209e+04
2.412059874999999738e+04
2.720288073242187238e+04
2.608969488281250233e+04
2.587726149414062456e+04
2.665779979492187704e+04
2.600427731445312384e+04
2.371714382812500116e+04
2.409401803710937384e+04
2.974131639648437340e+04
3.054168449218750175e+04
3.055117570312500175e+04
3.474035973632812966e+04
3.086223647460937354e+04
3.102179911132812413e+04
3.099614112304687296e+04
2.955846679687500000e+04
2.695633279296875116e+04
2.849744516601562646e+04
2.535108018554687442e+04
2.840050340820312704e+04
2.844906639648437340e+04
2.945352496093750233e+04
3.229571450195312354e+04
3.263559185546874869e+04
2.478799432617187631e+04
2.224759929687500335e+04
2.199528891601562646e+04
1.979501050781250160e+04
2.234872453125000175e+04
2.437000079101562369e+04
2.083648102539062529e+04
2.259592182617187427e+04
1.982917608398437733e+04
2.276518773437500204e+04
1.959170276367187762e+04
1.912215667968749767e+04
2.121945061523437471e+04
2.422675797851562675e+04
2.882679300781249913e+04
4.053734485351562762e+04
2.622860818359375116e+04
2.841039262695312209e+04
2.560440285156250320e+04
2.384220503906250087e+04
3.026827119140624927e+04
3.107791872070312820e+04
2.398137767578125204e+04
2.321722436523437500e+04
2.303573583007812704e+04
2.237929148437499680e+04
2.253092577148437340e+04
2.060553147460937544e+04
2.208806648437499825e+04
2.013695965820312267e+04
2.012917474609375131e+04
2.035075335937500131e+04
2.909402379882812238e+04
3.193413366210937602e+04
2.927337192382812646e+04
3.164380165039062558e+04
3.483071772460937791e+04
3.546165577148438024e+04
3.618539119140624825e+04
4.161098923828124680e+04
3.093783701171875146e+04
3.504035571289062500e+04
3.455852557617187995e+04
3.521705427734374825e+04
4.152216266601562529e+04
4.696335681640624534e+04
3.934454255859374825e+04
4.176472716796874738e+04
3.496225419921874709e+04
3.802658168945312354e+04
4.440264752929686802e+04
4.464524079101562529e+04
4.855093370117187442e+04
5.101369309570312907e+04
5.362336737304687267e+04
6.059803253906249302e+04
4.563457141601562034e+04
5.327415940429687180e+04
4.285630659179687791e+04
4.507189799804687209e+04
6.146583887695312296e+04
7.098209881835937267e+04
5.941074702148437791e+04
7.760633621093750116e+04
3.178403416015625044e+04
3.477976316406250407e+04
2.384027582031249767e+04
2.910488572265625044e+04
3.608302142578124767e+04
3.719553290039062267e+04
3.204208720703124709e+04
3.522230008789063140e+04
2.128207727539062398e+04
2.514557616210937704e+04
2.041794481445312704e+04
2.400152813476562733e+04
3.023185410156250146e+04
4.025485398437500407e+04
3.066135104492187747e+04
4.274336352539062500e+04
3.838478215820311743e+04
4.539793919921874476e+04
4.199636774414062529e+04
4.723987500000000000e+04
6.034942256835936860e+04
7.745463979492186627e+04
6.457547352539062558e+04
8.410234692382812500e+04
4.618228743164062325e+04
5.999259306640625437e+04
5.086328626953125058e+04
6.818011954101562151e+04
7.481084410156249942e+04
9.155666056640625175e+04
9.412877397460935754e+04
1.190168384570312628e+05
