2.896410812499999884e+04
2.072036473632812704e+04
2.639168939453124767e+04
1.851084432617187122e+04
1.549212737304687471e+04
1.390224869140625015e+04
1.589117635742187485e+04
1.372375745117187398e+04
2.263569001953124825e+04
1.837325020507812587e+04
1.817274462890625000e+04
1.534783585937499993e+04
1.545973785156250051e+04
1.348629874999999993e+04
1.378258537109374993e+04
1.186537335644531231e+04
1.151204114843749994e+04
1.042207181347656297e+04
1.046250030468750083e+04
9.326291081054689130e+03
8.455765069335937369e+03
7.194601031250000233e+03
8.133196528320312609e+03
7.071332666992187114e+03
1.072174293847656372e+04
8.771758564453124563e+03
9.897716643554687835e+03
8.131178692382812187e+03
7.258332534179688082e+03
6.511807166992187376e+03
7.233785420898437224e+03
6.020561521484374680e+03
1.561923750976562587e+04
1.459807245117187631e+04
1.921353622070312122e+04
1.775076041992187675e+04
1.218525988281250102e+04
1.095876187988281163e+04
1.357495143554687638e+04
1.128134271484374949e+04
1.662486339843749738e+04
2.045784521484375000e+04
1.263944171875000029e+04
1.572037258789062253e+04
1.798538501953124796e+04
1.306615557617187369e+04
1.723319402343749971e+04
1.531127367187500022e+04
9.817808254882813344e+03
8.510965345703125422e+03
9.743462555664063984e+03
8.652895155273437922e+03
7.200390011718750429e+03
6.467621092773437340e+03
7.626029263671875015e+03
6.991829502929687806e+03
1.061560229882812564e+04
8.383133290039062558e+03
1.179016988671874969e+04
9.161036046875000466e+03
8.061982196289061903e+03
7.574394286132812340e+03
7.763781573242187733e+03
7.837615442382812034e+03
5.901002815429686962e+03
4.984049206054687602e+03
6.010567035156249403e+03
5.518953710937499636e+03
5.207423498046875466e+03
5.679148384765624542e+03
5.217912321289062675e+03
5.451527681640624905e+03
5.740964980468750582e+03
5.341263706054687646e+03
5.283899784179688140e+03
5.251675011718750284e+03
5.302341291992187507e+03
5.158105297851561772e+03
4.919446186523437063e+03
4.857081274414063046e+03
5.814107890624999527e+03
6.090033617187500568e+03
5.743099186523437311e+03
5.921406927734375131e+03
6.097108657226563082e+03
5.760536999023437602e+03
5.812156244140625859e+03
5.702494500000000698e+03
5.519598552734375517e+03
5.419998600585937311e+03
4.848863647460937500e+03
4.759600400390624600e+03
5.566518943359375044e+03
5.442861317382812558e+03
5.049723329101562740e+03
5.119579362304687493e+03
5.773365446289062675e+03
5.116456767578124527e+03
6.175096507812499112e+03
5.674474611328125320e+03
5.082405627929687398e+03
4.873287401367188068e+03
5.354725848632811903e+03
5.266853393554687500e+03
6.460583712890625065e+03
5.943493554687500364e+03
6.772364081054687631e+03
6.157177717773436598e+03
5.780791623046874520e+03
5.324969447265624694e+03
6.165281482421874898e+03
5.623313781249999920e+03
4.800856039062499804e+03
4.499963284179687435e+03
4.917465784179687034e+03
4.528057130859375320e+03
4.653127530273437515e+03
4.706593124999999418e+03
4.354958982421875589e+03
4.348190748046874432e+03
4.729011727539063031e+03
4.653981081054687820e+03
4.868884328125000138e+03
4.734147724609374563e+03
4.412168691406250218e+03
4.182498570312500306e+03
4.378879567382812638e+03
4.132594127929687602e+03
1.100685119140624920e+04
1.244140117187500073e+04
1.075428192382812631e+04
1.390857328124999913e+04
1.550248008789062442e+04
1.522530249999999978e+04
1.290698402343750058e+04
1.193129771484375124e+04
1.085950318750000042e+04
1.086723854296875106e+04
8.862549749023437471e+03
8.730160761718751019e+03
1.186141529296875160e+04
1.192074817382812398e+04
1.005560139160156177e+04
1.191485295898437471e+04
1.412883070312500058e+04
1.125957139062500028e+04
1.399291902343750007e+04
1.295103321289062660e+04
8.687168473632811583e+03
8.077385365234375058e+03
1.068943730761718689e+04
9.149258481445311190e+03
1.298534304687500116e+04
1.242834660156249993e+04
1.136381891601562529e+04
1.124737460058593751e+04
1.199134345703124927e+04
1.138283302343749892e+04
1.132463263964843645e+04
1.097856868945312453e+04
7.922582055664062864e+03
8.378902254882814304e+03
7.285979436523437471e+03
8.140227018554686765e+03
8.842712722656251572e+03
1.056336671289062360e+04
8.677951893554687558e+03
9.803460981445312427e+03
6.711146083984374854e+03
7.424366008789062107e+03
6.135346108398437536e+03
7.066604822265624534e+03
8.285637640625000131e+03
8.405159254882812093e+03
7.528538385742187529e+03
7.807484947265625124e+03
1.042451593457031231e+04
1.009755954003906299e+04
9.159324255859373807e+03
9.616314688476562878e+03
9.668984374023435521e+03
1.071917004394531250e+04
8.832272459960939159e+03
9.273582174804687384e+03
8.946892203125000378e+03
8.273267400390624971e+03
7.587952354492186714e+03
6.893117643554687675e+03
8.332992731445312529e+03
8.545520982421874578e+03
7.108171174804687325e+03
7.321796794921875517e+03
7.130400526367187922e+03
6.025462843749999593e+03
7.462099738281250211e+03
6.252362745117186932e+03
5.912228846679688104e+03
5.533355542968750342e+03
5.485521162109374927e+03
5.203507637695312951e+03
8.708085538085935696e+03
6.534038833007812173e+03
9.646433898437499010e+03
8.006257828125000742e+03
5.591341440429687282e+03
5.167944207031249789e+03
6.236505840820312187e+03
5.339824495117187325e+03
5.151522139648437587e+03
4.649397167968749272e+03
5.138485550781249913e+03
4.652261994140624665e+03
4.310557480468750327e+03
3.854061628906250007e+03
4.430823173828124709e+03
3.905292346679687398e+03
4.849175307617188082e+03
4.755466904296875327e+03
4.844354204101562573e+03
4.843321448242188126e+03
4.378237572265625204e+03
4.027815129882812926e+03
4.451552280273437646e+03
4.283759598632812413e+03
9.970667950195313097e+03
8.905797351562499898e+03
9.983588719726561976e+03
8.815120478515626019e+03
7.445935366210937900e+03
5.538937883789062653e+03
7.816834131835938024e+03
6.377213978515625058e+03
9.222263647460938955e+03
9.990674891601562194e+03
8.138072646484374673e+03
8.963856062500000917e+03
8.126739956054687354e+03
6.753227117187499971e+03
8.668470396484375669e+03
7.510875911132812689e+03
5.053377350585937165e+03
4.765544510742187413e+03
5.143241928710937827e+03
4.942507150390624702e+03
4.718003378906249964e+03
4.484156464843749745e+03
4.961591354492187747e+03
4.704142827148438300e+03
5.085065591796875196e+03
4.865885991210937391e+03
4.856033150390625451e+03
5.011397029296875189e+03
4.834104514648437544e+03
4.521146115234374520e+03
4.776175190429687973e+03
4.535245742773437996e+03
1.356382712890625044e+04
1.111213892578124796e+04
1.175694395507812442e+04
1.119601616210937573e+04
1.027321785937500135e+04
1.011242519433593770e+04
1.019558956445312469e+04
9.075871204101562398e+03
1.188577089843750036e+04
1.078605184082031155e+04
1.071093521484375015e+04
9.458110379882811685e+03
9.059985963867187820e+03
7.658988919921875095e+03
8.080114742187499360e+03
7.359566218750000189e+03
9.226364175781249287e+03
8.667303508789063926e+03
8.238614939453123952e+03
7.813310640625000815e+03
8.138102589843749229e+03
7.808505063476563009e+03
7.732338462890626033e+03
7.298811429687500095e+03
7.115253104492187049e+03
7.240317640625000422e+03
6.835976216796875633e+03
6.557643537109375757e+03
7.179841411132812937e+03
6.570488054687499243e+03
6.421830486328125517e+03
5.531136325195311656e+03
9.667564655273437893e+03
8.840574800781250815e+03
8.821617851562499709e+03
8.411808635742187107e+03
7.747421151367187122e+03
6.831964592773437289e+03
6.775226170898436976e+03
5.641298564453125437e+03
7.697992335937500684e+03
7.137921984375000648e+03
6.422837093750000349e+03
5.856548921874998996e+03
5.997423495117187485e+03
5.099794956054687646e+03
5.006171353515625015e+03
5.421893895507811976e+03
6.077161302734375568e+03
5.772727993164062354e+03
5.023897308593749585e+03
4.960083517578124884e+03
5.131560834960937427e+03
4.365030546874999345e+03
4.262346543945312078e+03
4.277368635742187507e+03
4.986072945312500451e+03
4.813910368164062675e+03
5.160632712890625044e+03
4.927329233398437282e+03
4.188044736328125509e+03
3.966530928710937133e+03
4.434149794921875582e+03
4.439307861328125000e+03
7.160869973632812616e+03
6.847450527343749854e+03
6.917123815429687966e+03
6.633258913085937820e+03
6.505651470703125597e+03
5.988583583007812194e+03
6.485583574218750073e+03
6.071321854492187413e+03
6.105792714843750218e+03
6.467687190429687689e+03
5.563242286132813206e+03
6.168609204101561772e+03
6.616075121093750568e+03
6.263383980468749542e+03
6.116061349609374702e+03
5.892334659179687151e+03
5.571834100585937449e+03
4.699190925781249462e+03
5.477012757812500240e+03
4.587521181640625400e+03
3.840702322265625298e+03
3.525726863281249734e+03
3.964953104492187776e+03
3.496726627929687766e+03
5.366318505859375364e+03
4.471586372070312791e+03
5.078306842773437893e+03
4.390764595703125451e+03
3.757703095703124745e+03
3.287138981445312311e+03
3.475746106445312762e+03
3.255691631835937187e+03
5.082053280273436940e+03
5.811614995117187391e+03
4.525745694335937515e+03
5.619598913085937056e+03
5.860702538085937704e+03
5.616937087890624753e+03
5.573573280273437376e+03
5.038208454101562893e+03
4.481169491210936940e+03
5.104632359375000306e+03
4.904566631835937187e+03
5.014383351562499229e+03
5.092863743164062726e+03
4.916906975585938198e+03
4.792917573242188155e+03
4.747730744140625575e+03
4.784832322265625407e+03
3.990463185546874683e+03
4.538094512695312915e+03
3.700594924804687253e+03
3.373659776367187078e+03
3.282085397460938111e+03
3.453147493164062325e+03
3.175366245117187646e+03
4.280499331054686991e+03
3.669066685546874851e+03
4.226991170898437304e+03
3.626494278320312333e+03
3.358805214843750036e+03
3.450526957031250276e+03
3.657248197265625095e+03
3.751536707031250444e+03
5.366127684570312340e+03
4.991811209960937049e+03
5.345168174804687624e+03
5.071653776367186765e+03
4.929356700195312442e+03
5.508577556640624607e+03
5.110349122070312660e+03
5.257587011718749636e+03
5.601391992187500364e+03
5.012731767578125073e+03
5.609869825195312842e+03
5.358392239257813344e+03
4.977244455078124702e+03
5.006684961914063024e+03
4.997681449218749549e+03
5.200011459960937827e+03
4.820519167968750480e+03
4.641691195312499985e+03
5.079556018554687398e+03
4.412937979492187878e+03
4.650347495117187464e+03
4.630841114257813388e+03
4.440532252929688184e+03
4.852520884765624942e+03
5.099998479492187471e+03
4.738393665039062398e+03
5.131840515625000080e+03
4.712222153320311918e+03
4.745425391601562296e+03
4.605930611328125451e+03
4.862111902343749534e+03
4.864764392578124898e+03
6.242281702148437034e+03
6.000322006835937827e+03
6.838837464843750240e+03
6.404247220703125095e+03
5.755326471679687529e+03
5.752013724609375458e+03
5.932426216796874542e+03
5.434190613281250080e+03
6.503677526367187966e+03
6.506769221679687689e+03
5.714857196289062813e+03
5.489491397460937151e+03
6.020971018554688271e+03
5.510384654296874942e+03
5.233550826171875087e+03
4.761013061523437500e+03
5.078520288085937864e+03
4.648030356445312464e+03
5.524815720703124498e+03
5.030683826171874898e+03
4.646975277343749440e+03
4.789409933593749884e+03
4.724006000000000313e+03
4.763110913085937682e+03
5.296687524414062864e+03
4.724891787109375400e+03
4.836679460937500153e+03
4.755516504882812114e+03
4.579559242187499876e+03
4.801366805664062667e+03
5.001737873046875393e+03
4.284389524414062180e+03
4.680375822265625175e+03
4.711921751953124840e+03
4.644278518554687253e+03
4.703032425781249913e+03
4.565393669921874789e+03
4.473215919921874956e+03
4.608671618164062238e+03
4.453998012695313264e+03
4.730949972656249884e+03
4.541933390624999447e+03
4.620249251953124258e+03
4.187991652343749593e+03
4.442924006835937689e+03
4.415723846679687995e+03
4.069232423828124865e+03
4.058712275390625109e+03
4.105764167968749462e+03
3.600857047851562129e+03
3.945986819335937071e+03
3.815717810546874716e+03
3.594745005859374942e+03
3.864301135742187398e+03
4.236400269531250160e+03
4.373638078124999993e+03
4.123544855468749120e+03
4.383467874023437616e+03
4.026788811523437289e+03
3.994944883789062260e+03
4.352758102539062747e+03
4.557053909179687253e+03
4.142432499999998981e+03
4.382365475585937929e+03
4.515599598632812558e+03
4.547705455078124942e+03
4.513488971679687893e+03
4.218467344726562260e+03
4.534064886718750131e+03
4.328869374023437558e+03
4.151781443359374862e+03
4.395120981445312282e+03
4.255761325195312565e+03
4.088258404296875597e+03
4.003893940429687063e+03
3.989624404296875127e+03
4.292899227539062849e+03
4.242772067382811656e+03
3.893514642578124949e+03
3.999966460937500415e+03
3.811755461914062380e+03
3.865136117187499622e+03
4.048185859374999836e+03
4.198562680664063009e+03
3.814227284179687558e+03
3.884747791992187558e+03
4.179196639648437667e+03
4.112904385742187515e+03
4.206545291015625480e+03
4.035363651367187231e+03
3.950190081054687198e+03
3.953663086914062660e+03
3.822633251953125182e+03
3.854207117187499989e+03
4.106848463867188002e+03
4.103606086914061962e+03
6.771552204101561983e+03
6.144121504882812587e+03
6.596010665039062587e+03
6.253893209960937384e+03
5.808189043945312733e+03
4.998957645507812231e+03
5.124997595703125626e+03
4.492546689453125509e+03
5.134655460937499811e+03
4.870164540039062558e+03
4.825994762695312602e+03
4.403689860351562857e+03
4.589922496093749942e+03
4.147401700195312515e+03
3.959454221679687635e+03
3.713141160156249498e+03
4.278189016601562798e+03
4.439413849609374665e+03
3.997790970703124913e+03
4.519239819335937682e+03
3.950563006835937358e+03
3.538462056640624724e+03
3.991297674804687631e+03
3.570443571289062675e+03
3.619490261718749935e+03
3.877815962890625087e+03
3.604791800781249549e+03
3.439841283203124931e+03
3.396877884765624913e+03
3.147828490234374840e+03
3.251365863281250313e+03
2.831393522460937675e+03
4.799104408203125786e+03
4.297899816406250466e+03
4.366426346679687413e+03
4.067013032226562245e+03
3.884240699218749796e+03
3.912095949218749865e+03
3.734875682617187522e+03
3.804009291015624967e+03
4.470580896484375444e+03
4.087517126953125171e+03
5.372320904296875597e+03
4.397215972656250415e+03
3.733791086914062362e+03
3.386054817382812416e+03
3.868491530273438002e+03
3.316123556640625338e+03
3.478083622070312231e+03
3.108422707031249956e+03
3.212729340820312700e+03
3.092027189453125175e+03
2.898084216796874898e+03
2.915178190429687675e+03
2.844245527343749927e+03
2.842035763671875429e+03
3.232649666992187576e+03
2.918896713867187827e+03
3.294651147460937409e+03
2.930357872070312624e+03
2.816464368164062762e+03
2.891419766601562515e+03
2.822598769531250127e+03
3.214824303710937784e+03
3.605817771484375044e+03
4.856787461914062987e+03
4.228085623046874389e+03
4.376312903320312216e+03
4.360574265624999498e+03
4.185077006835937937e+03
4.359342501953125065e+03
4.455688856445312922e+03
3.447627973632812427e+03
4.157387041015625073e+03
3.199049541015624982e+03
3.870009966796875233e+03
4.310611994140625029e+03
4.431195377929687311e+03
4.036759927734374742e+03
3.811203158203124985e+03
4.063946689453125146e+03
4.477664497070312791e+03
4.138314583007811962e+03
4.335718581054687093e+03
4.468170034179687718e+03
4.883445928710937551e+03
4.262496374023437056e+03
4.578929122070312587e+03
4.246500531249999767e+03
4.082058334960937373e+03
4.181783747070312529e+03
4.158854950195312085e+03
4.304703451171874804e+03
4.315702458984374971e+03
4.180211502929687413e+03
4.475292268554688235e+03
3.050039930664062467e+03
3.518729636718750044e+03
3.175010066406250189e+03
3.560652368164062864e+03
3.474576112304687285e+03
3.263301681640625247e+03
3.104250603515624789e+03
3.290358977539062380e+03
3.361256997070312536e+03
3.111335055664062565e+03
3.601541234375000386e+03
3.191065798828125025e+03
2.968751011718750306e+03
3.190188974609374782e+03
3.265192359375000251e+03
3.341773291992187296e+03
4.030138284179687616e+03
3.939504319335937453e+03
3.751078987304687416e+03
3.828230520507812798e+03
3.982016447265625175e+03
4.608347464843750458e+03
3.860425445312500415e+03
4.541371491210937165e+03
3.815256242187499993e+03
3.788228167968750313e+03
3.682145262695312340e+03
3.952491639648437740e+03
3.954351379882812580e+03
4.220689530273437413e+03
4.001847622070312354e+03
4.217522140625000247e+03
5.571355402343750029e+03
4.619017148437500509e+03
5.111443263671874774e+03
4.638801179687499825e+03
3.961843442382812100e+03
3.609443197265625258e+03
3.810199653320312791e+03
3.400815376953124996e+03
4.433925751953125655e+03
4.212405289062498923e+03
4.208246903320312413e+03
3.558230726562499513e+03
3.461184318359374629e+03
3.050879606445312220e+03
3.135177331054687329e+03
2.919772102539062871e+03
3.575508958984375113e+03
3.071654016601562034e+03
3.421351616210937664e+03
3.525228884765625025e+03
3.060423913085937784e+03
3.450599080078124643e+03
3.253126861328124960e+03
3.933597395507812507e+03
3.193411669921874818e+03
3.286389287109374891e+03
3.258916418945312216e+03
3.121829770507812100e+03
3.228629254882812347e+03
3.887289922851562551e+03
3.344811316406250171e+03
3.828481953125000018e+03
3.767417150390625011e+03
3.339352425781249622e+03
3.588895672851562267e+03
3.208898776367187565e+03
3.010121912109374989e+03
2.889905736328125386e+03
2.818472490234375073e+03
2.932075299804687347e+03
3.393898142578125317e+03
3.046078168945312427e+03
3.388450641601562893e+03
3.243086578124999960e+03
3.000983828124999945e+03
2.906566724609374887e+03
3.206217697265625247e+03
3.050464240234375211e+03
2.795556058593750095e+03
3.081597691406250306e+03
2.699188614257812333e+03
2.965372113281249767e+03
3.306366354492187384e+03
3.730392411132812413e+03
3.302918402343750131e+03
3.686517938476562449e+03
2.800825977539062478e+03
3.047998729492187522e+03
3.025773500976562445e+03
3.159377922851562289e+03
3.221202312500000062e+03
3.869956497070312253e+03
3.611145620117187718e+03
3.895651984375000211e+03
3.519641300781249811e+03
3.271415211914062638e+03
3.752712059570312704e+03
3.873376558593749905e+03
3.450839622070312544e+03
3.548091750976562253e+03
3.908656029296875204e+03
4.026031224609374476e+03
4.212759081054687158e+03
4.204230163085938329e+03
4.299729712890624796e+03
4.027302235351562558e+03
4.028755389648437813e+03
4.287482557617187922e+03
3.995468874999999571e+03
4.103305235351563169e+03
3.724364680664062689e+03
4.096284672851562391e+03
3.807672581054687726e+03
4.564734590820312405e+03
4.046356296875000226e+03
4.251870679687499432e+03
4.217034048828125378e+03
4.323138353515624658e+03
4.075216617187500106e+03
4.529263935546874563e+03
4.269564083007812769e+03
4.228221202148437442e+03
4.309110825195311918e+03
4.228971338867188024e+03
4.159073811523438053e+03
3.908910666015624884e+03
3.886455480468750011e+03
3.835274287109375109e+03
3.749053681640624745e+03
3.711466631835937733e+03
3.972571921874999589e+03
4.322643374023436991e+03
3.745691862304687675e+03
4.461451750000000175e+03
3.951151494140624891e+03
3.468033725585937646e+03
3.833292470703125218e+03
4.124527769531250669e+03
3.940874128906250007e+03
4.279295812500000466e+03
4.394753563476562704e+03
4.372078283203125466e+03
4.467166263671874731e+03
4.684447003906249847e+03
4.331824383789062267e+03
4.640184837890625204e+03
4.404231418945311816e+03
4.092866973632812460e+03
4.457517513671875349e+03
4.405945571289063082e+03
4.548930180664062391e+03
4.502808718749999571e+03
4.200062770507813184e+03
3.937044639648437624e+03
4.137194116210937864e+03
4.241340221679687602e+03
4.061240980468749967e+03
4.286829448046875768e+03
2.501874265625000044e+04
1.884028302734375029e+04
1.916816701171874956e+04
1.640201892578125262e+04
1.581932120117187515e+04
1.590130229492187391e+04
1.481357695312499891e+04
1.334428291015624927e+04
1.272758145507812515e+04
1.315695497070312558e+04
1.079637098632812558e+04
1.029404387988281087e+04
1.461646331054687471e+04
1.145399808398437563e+04
1.227732517578125044e+04
1.079366426367187523e+04
1.665777696289062442e+04
1.673975335937500131e+04
1.325893559570312573e+04
1.401079687500000000e+04
1.624696724609375087e+04
1.187250196289062296e+04
1.338694310546875022e+04
1.037051177343749987e+04
1.172939141601562369e+04
1.227558343750000131e+04
1.027784959863281256e+04
1.018081126171875076e+04
1.050535692285156256e+04
8.855566627929687456e+03
8.851518833007812646e+03
8.553307297851562907e+03
1.019938873144531317e+04
9.161080230468749505e+03
7.628169636718750553e+03
6.932865598632812180e+03
2.364008881347656279e+04
1.540379972851562707e+04
9.720707937500001208e+03
1.836583402734374977e+04
6.629108974609374854e+03
5.693835474609375524e+03
5.415413457031250800e+03
5.215494281249999403e+03
6.299206209960937485e+03
7.335682501953125211e+03
5.889285314453125466e+03
7.067273150390624323e+03
9.377130468750001455e+03
9.466327840820311394e+03
8.955254024414061860e+03
9.814625082031250713e+03
9.786111157226561772e+03
9.193881004882812704e+03
9.671306663085939363e+03
8.327170537109373981e+03
8.921935145507812194e+03
9.475069514648437689e+03
9.276179575195314101e+03
7.778984457031249804e+03
8.072144572265624447e+03
6.802937615234374789e+03
6.957569913085937515e+03
6.680278724609375786e+03
1.029306987500000105e+04
9.697502452148437442e+03
9.905150976562499636e+03
8.938595217773437980e+03
7.975882120117186787e+03
8.083854356445312078e+03
8.584397640625000349e+03
8.862346138671875451e+03
8.537154016601562034e+03
8.370564610351562806e+03
8.587890546874998108e+03
8.018192567382812740e+03
8.063714206054686656e+03
7.934991174804687944e+03
7.664341969726562638e+03
7.089546769531249993e+03
9.209848135742187878e+03
8.605747302734376717e+03
8.830682793945310550e+03
8.418360496093750044e+03
7.639884286132813031e+03
7.024044060546874789e+03
7.793042946289062456e+03
6.900494184570312427e+03
7.827241680664063097e+03
7.593979805664062951e+03
6.945921960937499534e+03
7.025802523437499985e+03
7.386994267578124891e+03
7.160991378906250247e+03
7.470551099609374432e+03
7.108119468750000124e+03
8.500981172851563315e+03
7.553066488281249804e+03
7.126713907226561787e+03
6.527343884765625262e+03
7.151702250976562937e+03
6.650504443359374818e+03
6.277157331054688257e+03
6.524471311523437180e+03
6.058973495117187667e+03
5.624354253906249141e+03
5.762926543945312005e+03
5.350358158203125640e+03
5.700807978515624200e+03
6.103299534179686816e+03
5.509507325195312660e+03
5.375150509765625429e+03
6.824554842773437485e+03
6.859676454101562740e+03
6.453305478515625509e+03
6.018842889648437449e+03
6.895684333007812711e+03
6.961233583007811831e+03
6.195776193359375611e+03
6.364678512695312747e+03
6.159489624023437500e+03
5.924109521484375364e+03
5.393863901367187282e+03
5.429365018554687595e+03
5.796388565429687333e+03
6.210962566406250517e+03
5.559905178710937435e+03
6.614364554687500458e+03
4.781513390624999374e+03
5.190209063476562733e+03
5.560955948242187333e+03
4.930699162109374811e+03
5.826826902343749680e+03
6.755133053710937929e+03
4.990041891601562384e+03
6.160055810546875364e+03
5.306084889648436729e+03
4.298578212890624854e+03
4.588386006835937224e+03
3.903622856445312664e+03
4.655964492187500582e+03
5.656556358398436714e+03
4.672079844726562442e+03
5.136797381835936903e+03
7.200342873046874956e+03
6.044859514648437653e+03
5.349330041015624374e+03
5.524312258789062980e+03
6.232468547851562107e+03
5.948061835937500291e+03
5.535115740234375153e+03
5.590002412109375655e+03
5.183311483398438213e+03
5.600791984375000538e+03
4.936131950195312129e+03
5.207758820312500575e+03
5.651168190429687456e+03
5.619358443359375087e+03
5.233275522460937282e+03
5.549133719726562049e+03
3.906133467773438042e+03
4.006367888671874880e+03
3.504569030273437420e+03
4.098001829101562180e+03
4.351483743164062616e+03
4.942015775390624185e+03
4.278214710937500058e+03
5.175457221679686882e+03
3.696640189453124549e+03
4.974829962890624302e+03
4.094443001953124622e+03
4.545064968749999935e+03
5.108636005859374563e+03
4.674382315429687878e+03
4.625510460937500284e+03
4.517935125976562631e+03
5.138920101562500349e+03
4.953413040039062253e+03
5.530649803710937704e+03
5.093631511718749607e+03
5.221679800781249469e+03
5.810010097656249854e+03
5.440289072265624782e+03
6.265046015624999200e+03
4.814041805664062849e+03
4.688478535156250473e+03
4.592025535156250044e+03
4.172165489257812624e+03
4.881751686523437456e+03
5.008977746093750284e+03
3.909660414062499967e+03
3.616728991210937238e+03
5.187087132812499476e+03
5.326031396484375364e+03
5.427909066406250531e+03
5.324392052734374374e+03
5.279217632812500597e+03
5.337067041992188024e+03
5.216651334960937675e+03
5.282689344726562922e+03
5.506598486328124636e+03
5.397439802734374098e+03
5.829908185546874847e+03
5.770194012695312267e+03
5.595625361328124200e+03
5.613936990234375116e+03
5.815767346679687762e+03
5.812280716796874913e+03
5.218059595703125524e+03
5.418811472656249862e+03
5.435962184570312274e+03
5.480983828124999491e+03
5.762869665039062966e+03
6.418065323242187333e+03
6.102021306640624971e+03
6.959488288085937711e+03
5.408050154296874098e+03
5.758185865234374432e+03
6.112443085937499745e+03
6.568588259765625480e+03
6.561810560546875422e+03
7.532513364257812100e+03
6.797978503906249898e+03
7.785417816406250495e+03
6.517232717773436889e+03
6.417893136718750611e+03
6.861228909179687435e+03
6.666327942382812580e+03
6.387471606445311409e+03
6.694363541992188402e+03
6.606677162109374876e+03
6.241958176757812907e+03
5.402407107421875480e+03
5.707378805664062384e+03
3.719185830078125036e+03
4.163849500000000262e+03
4.930428272460937478e+03
5.265479817382812143e+03
4.273846229492188286e+03
1.106054694433593795e+04
6.897036104492186496e+03
6.543408426757812776e+03
6.108372802734375000e+03
6.613457428710937165e+03
7.335879214843750560e+03
6.571179284179686874e+03
6.697275110351562034e+03
4.865473834960937893e+03
5.241450963867187966e+03
5.351046422851562966e+03
4.264193409179687478e+03
4.364973736328124687e+03
4.732362734374999491e+03
4.435197020507812340e+03
4.466738819335936569e+03
4.404051935449218945e+03
7.621103942382812420e+03
7.651425028320312776e+03
8.501075688476561481e+03
9.234702944335936991e+03
7.792767731445313075e+03
8.033197335937498792e+03
8.940145718750000015e+03
9.301231728515624127e+03
8.088452602539062354e+03
9.089180979492186452e+03
9.153512226562499563e+03
9.878409906249999040e+03
9.530902873046874447e+03
1.034907316210937643e+04
1.005691437890625093e+04
1.156812796874999913e+04
7.844673519531250349e+03
8.271866314453123778e+03
9.426211752929688373e+03
1.023900729296875033e+04
8.528929565429687500e+03
8.789546636718749141e+03
1.048125693457031230e+04
1.113644985156250004e+04
1.092681058203125031e+04
1.173809554687499985e+04
1.263032744140625073e+04
1.377520469726562624e+04
1.243783386718750080e+04
1.229094259765624884e+04
1.441576335937499971e+04
1.428329829101562427e+04
8.860182876953123923e+03
9.752978403320312282e+03
8.846816187500000524e+03
9.539424480468751426e+03
1.020983509960937590e+04
1.165301692382812507e+04
1.045061698730468743e+04
1.133771482421875044e+04
9.016671715820313693e+03
9.431601337890624563e+03
9.329347384765625975e+03
1.054172522753906378e+04
1.077345926660156329e+04
1.311197861328125146e+04
1.272634920605468869e+04
1.748042651367187500e+04
1.307548650390624971e+04
1.509277142578125131e+04
1.273417826171875095e+04
1.659839284179687456e+04
1.450400390625000000e+04
1.909556304687500233e+04
1.988378236328125058e+04
2.556054344726562340e+04
1.650857044921875058e+04
2.046110017578124825e+04
1.948843175781249738e+04
2.579178770507812442e+04
2.770093000000000029e+04
3.564383217773437354e+04
3.235672711914062529e+04
6.568237708984375058e+04
9.396789771484374796e+03
1.270412698535156414e+04
1.101399010742187602e+04
1.374514959960937449e+04
1.426801370117187435e+04
1.656240701171875116e+04
1.821904425781250029e+04
2.242578320312500000e+04
1.453812117187500007e+04
1.718258926757812515e+04
1.525151268554687340e+04
1.900550881835937616e+04
2.146181365234374971e+04
2.764154497070312209e+04
2.521324181640624738e+04
4.048151564453124593e+04
2.216189297851562515e+04
2.710980321289062340e+04
2.918630736328125204e+04
3.471699202148437325e+04
3.604212538085937558e+04
4.290928050781249476e+04
5.156381924804687151e+04
3.635650549804687762e+04
4.140056404296874825e+04
5.765126668945312122e+04
6.302296243164062616e+04
4.025194540039062122e+04
3.438382633789061947e+04
2.533557020507812558e+04
2.992279151367187660e+04
2.334433309570312485e+04
2.536832766601562616e+04
2.867858874023437238e+04
3.748551092773437267e+04
4.849732312500000262e+04
3.719168227539063082e+04
6.393272790039062966e+04
6.955123931640625233e+04
4.554736129882812384e+04
5.862004269531249884e+04
8.731660393554688198e+04
1.016915657617187535e+05
5.572306173828124884e+04
4.723793969726562500e+04
2.736772190429687544e+04
3.105325187500000175e+04
2.363566782226562282e+04
4.226218641601562558e+04
3.194321521484374898e+04
3.315005722656250146e+04
2.802575123046874796e+04
2.645885120117187762e+04
2.079486416015625218e+04
2.379803168945312791e+04
2.075345755859375276e+04
2.553235795898437573e+04
2.448178250976562776e+04
2.074988017578125073e+04
1.845266949218749869e+04
2.093195139648437544e+04
1.635634537109375015e+04
1.602340288085937573e+04
1.331783134765625073e+04
1.031149714648437657e+04
1.246095228515625058e+04
1.238092431640625000e+04
1.758076504882812515e+04
1.508467294921874964e+04
1.959477726562500175e+04
2.013080415039062427e+04
2.628609646484375116e+04
1.521018561523437529e+04
2.238010492187499767e+04
1.757046700195312587e+04
2.241529922851562515e+04
2.739161511718749898e+04
3.591190013671875204e+04
2.767197480468749927e+04
4.659030191406249651e+04
2.187512642578125087e+04
2.724927458984374971e+04
2.883325922851562427e+04
4.144850370117187413e+04
4.358533463867187675e+04
1.002019125488281279e+05
7.039648536132811569e+04
5.284677142578124767e+04
4.358292759765624942e+04
6.666329689453126048e+04
6.736781978515624360e+04
4.469227543945312937e+04
4.118862507812499825e+04
2.840501479492187354e+04
2.658903476562500146e+04
2.136146643554687762e+04
2.197609104492187544e+04
2.706561093749999782e+04
2.086250292968750000e+04
3.271393237304687500e+04
4.380651166015624767e+04
6.325947298828125349e+04
6.355380686523437180e+04
4.377885578125000029e+04
2.844524123046874593e+04
3.599614105468749767e+04
3.828203599609374942e+04
2.377193531249999796e+04
3.204129119140624971e+04
3.002592815429687471e+04
1.966740263671875073e+04
2.273693846679687704e+04
4.421476153320312733e+04
3.234849583984375204e+04
3.279295682617187413e+04
2.650642987304687267e+04
2.105991474609374927e+04
1.859122168945312296e+04
1.953768983398437558e+04
1.613535098632812515e+04
2.800580865234374869e+04
2.116225613281250116e+04
2.024919061523437631e+04
1.788489844726562296e+04
1.817931632812500175e+04
1.434485735351562471e+04
1.629513610351562602e+04
1.318991318359374964e+04
6.591239374023437267e+04
3.294659133789062616e+04
3.448692727539062616e+04
2.502771164062499884e+04
2.371949960937500146e+04
1.801309575195312573e+04
2.023907373046875000e+04
1.551073613281250073e+04
2.368735499023437296e+04
1.762049485351562544e+04
1.816100096679687704e+04
1.445848482421874905e+04
1.759924011718750262e+04
1.383669546875000015e+04
1.416038732421875102e+04
1.279797360449218831e+04
1.645201694335937646e+04
1.557569645507812493e+04
1.375293161132812384e+04
1.273321442382812529e+04
1.282190383789062435e+04
1.363996645507812354e+04
1.112297321484375061e+04
1.117730451171874847e+04
1.125721473632812558e+04
1.063914414843749910e+04
9.871342586914062849e+03
9.171746128906250306e+03
1.013831410839843738e+04
9.390837793945313024e+03
9.551594386718748865e+03
8.420490202148437675e+03
1.533461943359375073e+04
1.349335672851562413e+04
1.334329465820312544e+04
1.227345115234375044e+04
1.148640700195312456e+04
1.143766449218750131e+04
1.067588704101562507e+04
1.005309342773437493e+04
1.204192963867187427e+04
1.166006719726562369e+04
1.100294661132812325e+04
1.016687259667968829e+04
1.016994209277343907e+04
8.392607574218749505e+03
8.965565882812501513e+03
8.102556345703125771e+03
8.678663171874999534e+03
8.820543096679688460e+03
8.262178434570312675e+03
8.666710287109373894e+03
8.760900457031249971e+03
8.009460573242187820e+03
7.954798568359375167e+03
7.549348632812500000e+03
8.208283245117187107e+03
8.534928443359374796e+03
8.501056825195311831e+03
8.525174192382812180e+03
8.065317570312499811e+03
7.312911843750000116e+03
7.782054335937499673e+03
7.237223868164062878e+03
5.283567079101561831e+03
4.970995675781249702e+03
5.623597989257812515e+03
5.046648618164063009e+03
5.017087355468749593e+03
5.658530423828124185e+03
4.986367186523437340e+03
5.404035412109375102e+03
6.469447403320312333e+03
5.645110778320312420e+03
7.535414395507812515e+03
6.712408437500000218e+03
5.403097022460937296e+03
5.564418390625000029e+03
6.180317738281250058e+03
6.036860654296875509e+03
6.098267958007812922e+03
6.073389004882812515e+03
6.017457665039062704e+03
6.243830969726562216e+03
6.222875074218749432e+03
6.335669844726562587e+03
6.688024815429687806e+03
7.210384787109374884e+03
5.891591815429687813e+03
6.786740820312499636e+03
6.476597155273437238e+03
7.749108219726562311e+03
7.257454733398437384e+03
7.624800014648437354e+03
7.593901218749999316e+03
7.696877946289062493e+03
7.522192722656249316e+03
7.409138824218750415e+03
7.443932090820312624e+03
6.924265643554686903e+03
6.996702046874999724e+03
6.661258296874999360e+03
6.659549476562499876e+03
6.483829942382812987e+03
7.203274390624999796e+03
6.998643657226562937e+03
7.656707126953125226e+03
7.554469864257813242e+03
7.030313169921873850e+03
6.548346678710937340e+03
7.155439524414062362e+03
8.207784745117187413e+03
7.511078508789062653e+03
8.178869215820313002e+03
7.138360602539061802e+03
8.272699482421874563e+03
8.206171026367188460e+03
7.676736352539062864e+03
9.190162360351563620e+03
9.929941304687501543e+03
7.573332173828124724e+03
8.392717826171876368e+03
8.626063556640625393e+03
9.917439269531250829e+03
9.401358349609374272e+03
1.085771599316406355e+04
1.022180807910156182e+04
1.048559796972656113e+04
6.567901093749999745e+03
6.697893093749999935e+03
7.149599793945311831e+03
7.174634971679687624e+03
7.976030372070312296e+03
1.004527649804687462e+04
8.744492159179688315e+03
1.125651909179687573e+04
7.644639522460936860e+03
7.973829396484375138e+03
7.508129247070311976e+03
8.579377041992187515e+03
1.035435972363281144e+04
1.286512666015624927e+04
1.359757043164062452e+04
8.055114118164063257e+04
1.037145027832031337e+04
1.135377200878906297e+04
1.147148188476562427e+04
1.199247343750000073e+04
1.255040889648437587e+04
1.395183757812499971e+04
1.395024345703125073e+04
1.291730089843750102e+04
1.244995311523437340e+04
1.271343544921874854e+04
1.568801191406249927e+04
1.291468139648437500e+04
1.282509138671875007e+04
1.245883457031249964e+04
1.241269131835937515e+04
1.117639052734375036e+04
7.811503540039062500e+03
9.686616306640624316e+03
9.954734106445312136e+03
1.109167404785156214e+04
1.416231867187500029e+04
1.969496818359375175e+04
1.337095307617187427e+04
1.317451998046875087e+04
1.233555933593749796e+04
1.314415038085937340e+04
1.500095939453124993e+04
1.529194945312500022e+04
1.305286500000000160e+04
1.192308980468750087e+04
1.326521447558593900e+04
1.027184825683593772e+04
1.465999943359374993e+04
1.125293544531249972e+04
1.223065568359374993e+04
1.105869256054687503e+04
1.121379518945312520e+04
1.045159595703124978e+04
9.968657138671875146e+03
8.980315892578124476e+03
1.174808958007812544e+04
1.001584255468749870e+04
9.225778651367187194e+03
8.526986615234374767e+03
8.968618037109374200e+03
8.163546482421874316e+03
7.818370895507812747e+03
7.440255401367187005e+03
8.198646481445313839e+03
8.710084823242186758e+03
7.631070263671875182e+03
8.515220505859375407e+03
8.541401717773438577e+03
8.973061702148435870e+03
9.570110212890624098e+03
1.155240029785156366e+04
8.001918423828125015e+03
8.850237737304687471e+03
9.263725341796875000e+03
1.048751488281249840e+04
1.037170303613281430e+04
1.288503526562499974e+04
1.246556386718749854e+04
1.510127568359375073e+04
9.127679409179687354e+03
1.086867158496093725e+04
1.064875738183593785e+04
1.556763933593749971e+04
1.429622663281250061e+04
1.449707225195312458e+04
2.401825677734375131e+04
1.746605583007812675e+04
1.468032569335937478e+04
1.945742872070312296e+04
1.793663629882812529e+04
1.799904179687499709e+04
3.408069041992187704e+04
2.035597738281249985e+04
6.564231344726562384e+04
1.532893807617187485e+04
1.033463348632812631e+04
1.106741703906250041e+04
1.210285834960937427e+04
1.538199456054687653e+04
1.522302877929687384e+04
1.684133697265625233e+04
1.927516119140625233e+04
1.582345820312499927e+04
2.088168148437499985e+04
2.522585345703124767e+04
3.747586761718749767e+04
2.147088382812499913e+04
1.697035807617187675e+04
1.204093733398437507e+04
1.446082478515625189e+04
1.225230976562499927e+04
1.675402135742187602e+04
1.185485241796875016e+04
1.246647294921875073e+04
9.427678458984375538e+03
1.055552501953125102e+04
9.625075004882812209e+03
8.108163597656250204e+03
7.270452411132811903e+03
1.086942959960937515e+04
9.527680865234375233e+03
1.166768785156249942e+04
9.892209672851562573e+03
7.834792043945311889e+03
7.146324769531250240e+03
7.673929209960937442e+03
6.658519656250000480e+03
1.670204739257812616e+04
1.480420764648437580e+04
1.779650923828125087e+04
1.272082846679687464e+04
1.045589040039062456e+04
8.433426668945312485e+03
8.843645538085937005e+03
7.365635336914063373e+03
1.378037441210937504e+04
1.040263062011718830e+04
1.078722509374999936e+04
9.790357541015626339e+03
8.632704193359375495e+03
7.211369819335937791e+03
9.075574932617186278e+03
7.826378539062499840e+03
7.459546934570312260e+03
6.965045653320312340e+03
6.989326105468750029e+03
6.291266800781249913e+03
6.462609576171875233e+03
6.268786217773436874e+03
6.182076512695312886e+03
5.863772296875000393e+03
6.475195115234375407e+03
6.360786090820312893e+03
6.878457912109374774e+03
6.706784827148438126e+03
6.008367252929687311e+03
5.788441866210938315e+03
6.780930312500000582e+03
6.270034232421874549e+03
8.812016156249999767e+03
8.428313803710938373e+03
7.622837671875000524e+03
8.063500000976561751e+03
8.632586467773437107e+03
8.708381418945313271e+03
7.679351329101562442e+03
7.780254132812499847e+03
6.785472649414063198e+03
6.997920315429687435e+03
6.045459177734374862e+03
5.308802440429687522e+03
6.780041330078125611e+03
6.551136999999999716e+03
5.683909914062500320e+03
5.598055203125000844e+03
7.947795794921875313e+03
7.463363215820312689e+03
8.351649201171874665e+03
7.969658690429687340e+03
6.955926837890625393e+03
6.157077128906250437e+03
6.984988422851562063e+03
6.711378271484374636e+03
6.588941530273437820e+03
6.804716541015624898e+03
5.849741235351561954e+03
6.053613343749999331e+03
6.690317077148438329e+03
6.678466678710937231e+03
6.301191041015625160e+03
6.019229048828125087e+03
4.436099932617187733e+03
4.562688188476562573e+03
4.680804764648437413e+03
4.886840140625000458e+03
4.790558933593749316e+03
4.699075656250000065e+03
5.115395412109374774e+03
5.335243428710937224e+03
4.938717797851562864e+03
5.632950466796874935e+03
5.805566975585938053e+03
6.401735717773437500e+03
6.283351468750000095e+03
6.388586250976562951e+03
7.058684164062500713e+03
7.364450276367187143e+03
5.284250847656249789e+03
5.832203639648436365e+03
5.689557958984375546e+03
6.025307926757812311e+03
5.326059238281250146e+03
5.413545144531250116e+03
5.837506909179687682e+03
6.227755724609374738e+03
6.753127237304686787e+03
6.811547746093749993e+03
7.613258668945312820e+03
7.723698008789062442e+03
6.676465375976562427e+03
7.262313303710937362e+03
7.836115070312499483e+03
7.186813512695312966e+03
6.304765403320313453e+03
6.660478911132811845e+03
5.908951317382812704e+03
5.998546057617188126e+03
6.971945206054687333e+03
7.173441787109375582e+03
6.173522816406250058e+03
6.563994274414062602e+03
5.455275745117187398e+03
5.353762474609375204e+03
5.596896200195312304e+03
5.557786643554687544e+03
5.703467076171875306e+03
6.623965298828125015e+03
6.279974315429687522e+03
7.373366450195311700e+03
7.048927875976562973e+03
6.878306406249999782e+03
6.740234886718749294e+03
6.654936807617186787e+03
7.532088946289061823e+03
7.662085028320312631e+03
7.625170617187500284e+03
1.179759127636718767e+04
7.167777264648437267e+03
7.687568811523437034e+03
7.677429725585938286e+03
8.567618464843750189e+03
8.842723233398437515e+03
1.142198569726562528e+04
9.286026176757812209e+03
9.397659907226563519e+03
6.019443302734374811e+03
7.215644330078124767e+03
7.455363732421875284e+03
7.544303333007812398e+03
6.654157123046875313e+03
6.008673962890625262e+03
6.698171447265624010e+03
6.521628466796874818e+03
7.714366226562500742e+03
7.492715751953124709e+03
7.604868323242188126e+03
8.007853045898436903e+03
7.423111212890624302e+03
7.783269791015624833e+03
8.607582868164063257e+03
8.305994463867187733e+03
7.070785921874999985e+03
7.731517809570312238e+03
7.671722649414062289e+03
8.256538721679688024e+03
7.778369802734375298e+03
7.052038309570312776e+03
7.794858458007812260e+03
5.997984534179688126e+03
9.476399901367187340e+03
8.008506213867186489e+03
9.429899382812502154e+03
8.240609813476561612e+03
6.543228299804686685e+03
5.305726395507812413e+03
6.902826039062500058e+03
5.304950682617187340e+03
8.675784926757813082e+03
9.248833353515625276e+03
1.005790310351562584e+04
9.984656808593750611e+03
9.825835959960937544e+03
8.197346043945311976e+03
9.547882042968749374e+03
8.254749905273438344e+03
9.554862097656250626e+03
9.220195122070312209e+03
8.552906606445314537e+03
7.762868797851562704e+03
9.511998442382813664e+03
7.808144196289062165e+03
9.201897927734375116e+03
7.523140513671874942e+03
7.639251784179687093e+03
6.997059231445312435e+03
7.142896699218750655e+03
6.600090866210936838e+03
6.307671279296874673e+03
5.476549685546875480e+03
5.841943578124999476e+03
4.991695253906249491e+03
8.018127999023437951e+03
7.046317798828124978e+03
7.996342253906250335e+03
7.399881603515625102e+03
5.925662031249999927e+03
5.242276840820311918e+03
6.781966271484375284e+03
5.908609118164062238e+03
6.299255793945312689e+03
6.652954616210937274e+03
7.296626020507811518e+03
7.553113333984374549e+03
7.596909679687500102e+03
7.835205998046874811e+03
8.578334023437500946e+03
8.732702120117188315e+03
8.463784937500000524e+03
8.784722424804687762e+03
9.568766399414060288e+03
1.012069579687500118e+04
9.253840125976563286e+03
9.780675310546874243e+03
1.089026137792968802e+04
1.134751681640624884e+04
8.232388271484374854e+03
8.903691748046876455e+03
8.968977732421875771e+03
9.828009516601561700e+03
9.867350160156249331e+03
7.932640914062500087e+03
9.422130427734375189e+03
8.458155254882811278e+03
9.595092751953125116e+03
9.408723299804687485e+03
1.088988094140625071e+04
1.040002407031250004e+04
8.828740613281248443e+03
7.938778410156250175e+03
8.634987014648439072e+03
7.336336134765624593e+03
9.953539728515625029e+03
1.117590685546874920e+04
1.046642504785156416e+04
1.143197248046875029e+04
1.268283724609374985e+04
1.094622482421874884e+04
1.131642002929687442e+04
1.046232385742187580e+04
1.193236270507812515e+04
1.231957721679687529e+04
1.323103449218750029e+04
1.205419776367187660e+04
1.055792216113281211e+04
1.049718715820312354e+04
1.109824473632812442e+04
1.024263461523437400e+04
1.072809470019531182e+04
1.059106453027343741e+04
1.031347926074218776e+04
9.592125603515625698e+03
8.762480369140625044e+03
7.751544498046874651e+03
9.082649807617188344e+03
7.806128797851562922e+03
9.808112422851561860e+03
9.598937024414062762e+03
1.000280650976562538e+04
9.061882204101562820e+03
8.971519273437499578e+03
7.775076833007811729e+03
8.910944991210937587e+03
7.837753551757812602e+03
7.479386707031249898e+03
7.015032659179687471e+03
7.181318162109374498e+03
7.293641033203124607e+03
7.255456458007812216e+03
6.881969107421875378e+03
7.071780046874999243e+03
6.542038537109374374e+03
7.094167724609375000e+03
7.229934172851562835e+03
7.212740533203124869e+03
7.286586392578125015e+03
7.241201618164062893e+03
6.864714601562500320e+03
6.713434289062499374e+03
6.457428012695312646e+03
7.191606921874999898e+03
6.498736142578124600e+03
6.281791962890625655e+03
6.293986753906250669e+03
6.089635270507812493e+03
6.155002041015624854e+03
5.572742550781249520e+03
5.435463439453124920e+03
6.360973727539062565e+03
6.085602275390624527e+03
6.200110141601562646e+03
5.789766395507812376e+03
4.927287389648437966e+03
4.860062880859374673e+03
4.976964281249999658e+03
4.562728154296874891e+03
7.116016683593750713e+03
6.922514841796875771e+03
7.405061652343749302e+03
6.735849097656249796e+03
6.424326231445312260e+03
6.185686720703124593e+03
6.285261508789062646e+03
6.230790462890625349e+03
7.260129603515624694e+03
6.773212659179687762e+03
7.238401421874999869e+03
7.119111311523437507e+03
6.522770713867186714e+03
6.213299761718750233e+03
6.621700959960937325e+03
5.942046081054686510e+03
6.081058237304687282e+03
5.545238154296874200e+03
5.937473447265625509e+03
5.436566221679687260e+03
5.149768276367187354e+03
4.183178892578125669e+03
4.758992137695311612e+03
3.959332032226562660e+03
5.694259553710936416e+03
4.710939599609375364e+03
5.360253671874999782e+03
4.679669460937499935e+03
4.145029655273437129e+03
3.809006749023437806e+03
3.837921018554687180e+03
3.547690359375000298e+03
3.504930982421875342e+03
3.828028994140625400e+03
3.574602291015624814e+03
3.791051760742187071e+03
5.216573721679687878e+03
5.373263286132812937e+03
3.904232213867187056e+03
3.539626826171875109e+03
4.064703008789062551e+03
3.656191690429687696e+03
4.041701095703125247e+03
4.056214084960937271e+03
3.802213775390624960e+03
3.699959041015624734e+03
3.843464116210937391e+03
3.886335025390625106e+03
3.648877138671874945e+03
4.114659152343750065e+03
3.630311154296874975e+03
4.093330218750000313e+03
4.395506626953125306e+03
4.271579169921875291e+03
4.124744063476562587e+03
3.869366426757812405e+03
4.048035757812500378e+03
4.217016887695312107e+03
3.876682430664062394e+03
4.411267096679686802e+03
4.231051886718749302e+03
4.412880439453125291e+03
4.666824236328126062e+03
5.109666914062499927e+03
3.953827431640625036e+03
4.335857677734375102e+03
4.327872332031249243e+03
3.847934664062499905e+03
3.702522807617187482e+03
3.597993224609374920e+03
3.687533545898437296e+03
4.247647682617187456e+03
4.779912618164062224e+03
4.674694196289062347e+03
4.742104042968750036e+03
5.133600124023437274e+03
4.421958393554687063e+03
4.983237653320313257e+03
5.005936038085937071e+03
5.408442988281250109e+03
4.049349018554687518e+03
4.443947081054688169e+03
4.768286071289062420e+03
5.558913313476562507e+03
5.274790642578124789e+03
6.272904444335938024e+03
5.955952664062499935e+03
7.293864831054687784e+03
5.920608886718750000e+03
6.934231664062499476e+03
6.418047173828124869e+03
9.435685568359374884e+03
7.211263877929687624e+03
7.529823186523437471e+03
1.104363827148437485e+04
1.022701911328125061e+04
4.238501287109374971e+03
4.719824154296875349e+03
3.914638123046875080e+03
4.675404087890624396e+03
5.901475259765625196e+03
8.178511025390625036e+03
5.980652562499999476e+03
8.722936796875001164e+03
4.404366369140624556e+03
5.345316201171875036e+03
5.244390956054687194e+03
6.678995865234374833e+03
6.922465598632812544e+03
1.041758626367187571e+04
8.779420483398438591e+03
1.462903272656249828e+04
1.178981449902343957e+04
1.672990425781250087e+04
1.362636864257812522e+04
1.986196177734375306e+04
2.401874280273437762e+04
3.898309302734374796e+04
2.746198465820312413e+04
2.312953730468749563e+04
1.616730345703124840e+04
2.150749135742187354e+04
1.853947350585937602e+04
1.443413177734374949e+04
1.642735335937500349e+04
1.443650443359374913e+04
1.237742876953125051e+04
1.100915973242187465e+04
7.117773494140625189e+03
8.272949677734373836e+03
9.115452282226562602e+03
1.341015702343749945e+04
1.613024691503906251e+04
2.276851840820312646e+04
1.916179640917968572e+04
1.127893537109375029e+04
1.018661121972656292e+04
1.205311685839843813e+04
1.054407892089843881e+04
8.720663319335937558e+03
9.123300089843749447e+03
8.732021017578124884e+03
7.761155943359374760e+03
7.231908867187499709e+03
1.247048759765624891e+04
1.123133164648437378e+04
9.915356100585937384e+03
8.541265632812499462e+03
9.840055175781250000e+03
1.012993173339843634e+04
8.893587433593749665e+03
7.927919168945312776e+03
8.051543590820312602e+03
6.532114865234375429e+03
6.242013889648436816e+03
5.857200756835936772e+03
6.310790173828125262e+03
6.152508269531250335e+03
5.230910121093749694e+03
5.079876359374999993e+03
4.372273357421874607e+03
5.067793286132812682e+03
4.592106325195312820e+03
4.803556043945312922e+03
5.238944844726562224e+03
5.955848463867187093e+03
6.684319349609375422e+03
7.306380571289062573e+03
5.294439521484374382e+03
5.424888655273438417e+03
5.822674418945312027e+03
5.923965321289062558e+03
6.515424846679687107e+03
7.691017340820311802e+03
6.597185969726562689e+03
6.393373505859374745e+03
6.214888146484375284e+03
1.409474176953125061e+04
7.024639039062500160e+03
1.092770739355468686e+04
2.949357361328124898e+04
1.349756435937500100e+04
1.560367637207031112e+04
1.064903868554687506e+04
6.963633375976562093e+03
8.301521846679686860e+03
6.051871657226562093e+03
7.121455465820312384e+03
8.272230650390625669e+03
8.600868639648437238e+03
7.672535742187499636e+03
8.013923874023437747e+03
5.852863079101562107e+03
7.033843725585938046e+03
6.520910568359375247e+03
7.270018605468751048e+03
7.173679809570312500e+03
6.245631363281249833e+03
7.241580349609374935e+03
6.119403995117187151e+03
7.480240407226562638e+03
8.026288857421875036e+03
6.933544578125000044e+03
6.826559643554686772e+03
7.685670616210937624e+03
6.101378584960937587e+03
6.351710348632812384e+03
5.848002652343750015e+03
6.368723671875000036e+03
7.030111669921874636e+03
5.457827265625001019e+03
5.738625413085937907e+03
7.312204651367187580e+03
6.539167303710937631e+03
5.861688552734374753e+03
5.628715505859375298e+03
5.333128171874999680e+03
5.126011936523437726e+03
4.667927538085938068e+03
4.750199969726561903e+03
4.546304949218749243e+03
3.796984185546874869e+03
3.912843291992187460e+03
3.498665949218750029e+03
8.375235139648437325e+03
7.173126273437499549e+03
7.658226837890624665e+03
6.878917268554687325e+03
6.490378625976562034e+03
6.584801522460937122e+03
6.572457723632812304e+03
5.935365916992187522e+03
8.167323130859374942e+03
7.562564608398437485e+03
7.575096071289062820e+03
8.210034563476561743e+03
6.971825021484375611e+03
5.083478411132812653e+03
7.284886114257812551e+03
5.878533159179687573e+03
6.244809738281249338e+03
5.262734510742187922e+03
5.239746389648436889e+03
5.204421609375000116e+03
5.129380016601562602e+03
4.981901645507812646e+03
4.911696363281250342e+03
5.504055512695313155e+03
4.606029302734375051e+03
4.403426834960937413e+03
4.718134480468749643e+03
4.375269157226563038e+03
4.249485753906250466e+03
5.386751717773437122e+03
4.329510041992187325e+03
4.558651975585937180e+03
6.851160049804687333e+03
7.720828082031250233e+03
4.955871133789062696e+03
5.359017871093750728e+03
7.011291026367187442e+03
5.794531660156249927e+03
5.445392423828125175e+03
5.465124553710937107e+03
3.475799752929687202e+03
3.967950207031250102e+03
3.569755215820312515e+03
4.279649662109374731e+03
3.921707328125000004e+03
4.065584096679687718e+03
4.137591336914062595e+03
4.075629857421874476e+03
4.641137901367186714e+03
4.493668238281250524e+03
5.012887772460937413e+03
4.709842307617187544e+03
3.989800333007812242e+03
3.592110631835937966e+03
4.226126183593750284e+03
3.472867764648437515e+03
3.996248225585937689e+03
4.726935517578124745e+03
3.574081451171874960e+03
4.337454620117187005e+03
4.169477166015624789e+03
3.767535309570312620e+03
4.702510324218750611e+03
4.683284666992187340e+03
4.892061552832032248e+03
5.187381875976562696e+03
5.039231528320312464e+03
5.219348166992187544e+03
5.407577601562500604e+03
5.489513501953124432e+03
5.204536583007811714e+03
5.475314350585937063e+03
4.751460237304687325e+03
4.708193748046875044e+03
4.738868823242187318e+03
4.907778004882811729e+03
5.118504024414062769e+03
5.387995662109375189e+03
4.998761951171874898e+03
5.336494737304687078e+03
5.460665639648437718e+03
5.187124927734374978e+03
5.554871647460937311e+03
5.157543686523437827e+03
4.676011370117186743e+03
4.169594145507811845e+03
4.762465892578125022e+03
4.764776084960937624e+03
5.721291176757813446e+03
5.589596316406250480e+03
5.640737870117187413e+03
5.602095493164062646e+03
5.251068079101562034e+03
4.986036338867187624e+03
5.293051954101561932e+03
4.977309631835936671e+03
4.890477842773438169e+03
4.847376383789061947e+03
4.935689840820312384e+03
4.809272028320312529e+03
4.699427887695312165e+03
4.920675592773437529e+03
4.664927956054687456e+03
4.900276140624999243e+03
4.674147256835937696e+03
4.263824498046875306e+03
4.486491749023437478e+03
3.940499375976562078e+03
3.946306354492187438e+03
4.249287122070312762e+03
3.547871769531249811e+03
3.913137655273437758e+03
5.182453329101563213e+03
5.335618263671874956e+03
4.997042631835936845e+03
5.240507307617187507e+03
5.001215212890625480e+03
4.502647279296874331e+03
4.986498656249999840e+03
4.490176934570312369e+03
4.636821369140625393e+03
5.255691018554687616e+03
4.203885716796874476e+03
5.168159863281249272e+03
5.257690229492187427e+03
5.437224901367188068e+03
5.530869365234375437e+03
6.212067143554687391e+03
4.227770989257813198e+03
4.469219042968749818e+03
4.865664344726562376e+03
4.723689051757812194e+03
4.582100993164062857e+03
4.822835241210937966e+03
4.624469157226562857e+03
4.989384971679687624e+03
4.836984380859374141e+03
4.827834234374999141e+03
4.509046111328125335e+03
4.556214416992187580e+03
5.058019685546874825e+03
4.985059887695313591e+03
4.414767126953124716e+03
4.594794699218749884e+03
5.060912800781249643e+03
5.477396880859375415e+03
5.261164268554686714e+03
5.821391555664062253e+03
5.854691227539062311e+03
5.878659682617187173e+03
6.359738138671875276e+03
6.762622512695312253e+03
5.204657686523438315e+03
5.372127728515624767e+03
5.304148972656250407e+03
5.923384580078125509e+03
5.930214891601563068e+03
6.916880384765624513e+03
6.347257108398437595e+03
6.930768107421875357e+03
4.184005772460937806e+03
4.270198777343750407e+03
4.369843431640624658e+03
4.345450366210936409e+03
4.053312516601562493e+03
4.191838799804687369e+03
4.236043450195313198e+03
4.507439536132812464e+03
5.208733206054686889e+03
5.161682189453125829e+03
5.903742067382812820e+03
5.806085371093749927e+03
4.992556237304687784e+03
4.917962045898437282e+03
6.357644918945312384e+03
5.752442058593750517e+03
4.711974479492187129e+03
5.864984085937500822e+03
4.850882041992187624e+03
5.665810476562500298e+03
6.528992699218750204e+03
6.641158877929687151e+03
6.859128500976563373e+03
6.650860923828125124e+03
4.923031176757812318e+03
5.987873302734375102e+03
5.599608739257812886e+03
5.976244360351562136e+03
6.088852146484376135e+03
6.734213374023437609e+03
6.136326435546875473e+03
7.113570932617187282e+03
4.491997652343749905e+03
3.981933528320312689e+03
4.684781402343749505e+03
4.227712443359375357e+03
4.081132493164062453e+03
4.213210455078125051e+03
4.053840331054687340e+03
4.791947600585937835e+03
4.753029943359375466e+03
4.294231591796874454e+03
4.736742750000000342e+03
4.525419124023437689e+03
4.726513331054688024e+03
5.463420173828125371e+03
5.437420671875000153e+03
5.858968156249999993e+03
4.850929295898436976e+03
5.656306474609375073e+03
5.406682652343750306e+03
5.863608898437500102e+03
6.040019072265625255e+03
6.629962100585937151e+03
6.354727808593749614e+03
6.801438604492187551e+03
5.662809652343750713e+03
5.963665812499999447e+03
6.162511627929687165e+03
6.360359916992188118e+03
6.369869443359374600e+03
6.797492734375000509e+03
6.200980503906250306e+03
6.379992938476561903e+03
4.936008055664062340e+03
5.135604510742186903e+03
5.483788511718748850e+03
5.771624962890624374e+03
6.185362647460937296e+03
6.636003765624999687e+03
6.323243330078124927e+03
6.830039386718750393e+03
5.663275025390625160e+03
6.186095867187500517e+03
6.397871348632812442e+03
6.650500344726562616e+03
6.750611434570312667e+03
6.882026254882812282e+03
7.112225161132811991e+03
7.232720856445312165e+03
6.736148128906250349e+03
5.946986857421874447e+03
6.534096203125000102e+03
6.034282517578125407e+03
6.052981955078124884e+03
6.690764557617187165e+03
5.982919384765625182e+03
6.506130876953125153e+03
6.451929596679687165e+03
6.479921844726562995e+03
7.128372290039062136e+03
6.928119718750000175e+03
6.319731918945311918e+03
6.543546267578125480e+03
6.928420218749999549e+03
7.712866537109374804e+03
6.138640006835938038e+03
6.439491899414062573e+03
5.786274220703125138e+03
5.847435801757812442e+03
7.133525371093749527e+03
6.474543023437499869e+03
7.004637476562500524e+03
7.729267359374999614e+03
6.361904859375000342e+03
5.643282083007812616e+03
6.820591326171875153e+03
6.652110405273437209e+03
6.775508054687499680e+03
7.754500689453125233e+03
6.897906585937500495e+03
8.010087587890624491e+03
5.978510468750000655e+03
6.398354110351562667e+03
7.153602797851563082e+03
6.871987238281250029e+03
6.784163043945312893e+03
7.466036192382813169e+03
7.164054493164062478e+03
7.430559658203124854e+03
8.204233720703125073e+03
7.436012936523437020e+03
8.496970213867187340e+03
9.195589360351561481e+03
7.507706785156249680e+03
7.364367526367187565e+03
8.304160943359374869e+03
8.477988068359376484e+03
6.945876864257812485e+03
6.672171341796874913e+03
6.947289078124999833e+03
7.472668583984374891e+03
7.124638714843750677e+03
8.116121519531250669e+03
7.752434822265625371e+03
9.311635730468751717e+03
7.382215739257811947e+03
8.841000356445310899e+03
8.928441006835937515e+03
1.084451645605468730e+04
9.917332936523438548e+03
1.088037274218750099e+04
1.187611407226562369e+04
1.212027581054687471e+04
8.389782490234374563e+03
1.013792331054687384e+04
1.228033420800781278e+04
1.437313968749999913e+04
9.827454494140625684e+03
1.012125692578125017e+04
1.468983954101562449e+04
1.362645928710937369e+04
1.434892978515624964e+04
1.702111756835937558e+04
1.762178834960937456e+04
2.169768893554687384e+04
1.818909609374999854e+04
1.837121615234374985e+04
2.839402920898437151e+04
2.966525049804687660e+04
4.820661690234375783e+03
5.089298912109374214e+03
5.181114875000000211e+03
5.350541414062499825e+03
5.227042325195313424e+03
4.956420299804687602e+03
5.735481421874999796e+03
5.795571995117186816e+03
5.444246015624999927e+03
5.338557054687499658e+03
5.300443142578124935e+03
5.410326104492187369e+03
6.004944675781250226e+03
5.488571060546875742e+03
5.362814342773437602e+03
5.150467030273437558e+03
4.992137100585937333e+03
4.671083654296875466e+03
5.560828519531250095e+03
5.216169492187500509e+03
4.890069626953125407e+03
4.942155631835938038e+03
4.967925488281250182e+03
4.655303923828125335e+03
5.325857332031249825e+03
5.122595004882812646e+03
5.142454644531249869e+03
5.367802304687500509e+03
5.036518846679688068e+03
5.117668376953124607e+03
5.331383340820312696e+03
5.507486104492187224e+03
5.457201965820313490e+03
5.310238608398437464e+03
5.320652269531249658e+03
4.709965307617187136e+03
4.775974768554687216e+03
5.031167425781250131e+03
4.423403185546874738e+03
5.179362291992187238e+03
4.576915399414063359e+03
4.074566857421874829e+03
3.977758142578124534e+03
4.045877063476562398e+03
4.678339422851562631e+03
4.729803742187499665e+03
4.757294893554688315e+03
5.124832557617187376e+03
5.169047816406250604e+03
5.365526002929687820e+03
5.165901683593749112e+03
5.068690812499999993e+03
5.367304070312500698e+03
5.643049410156249905e+03
5.510560719726562638e+03
5.885613563476562376e+03
4.847795317382812755e+03
5.010482707031249447e+03
4.841865753906250575e+03
5.151634890624999571e+03
5.384810701171874825e+03
5.749271617187499942e+03
5.532780007812500116e+03
5.540706251953124593e+03
4.600379488281249905e+03
4.083945984375000080e+03
4.924209737304687224e+03
5.127464750976561845e+03
4.283481849609374876e+03
4.467774831054686729e+03
5.039903635742187362e+03
5.106108664062499884e+03
5.383206703124999876e+03
5.552871087890624949e+03
5.727440726562500458e+03
5.874568684570313053e+03
5.365765395507813082e+03
5.583269570312500946e+03
6.075760339843749534e+03
6.351435838867187158e+03
4.365040394531250058e+03
4.506017063476561816e+03
4.931507340820311583e+03
5.267204845703125102e+03
4.672306597656250233e+03
4.546045259765624905e+03
5.098210611328124287e+03
4.871025762695312551e+03
5.610425564453125844e+03
5.426658472656250524e+03
6.380673126953124665e+03
6.086833623046874891e+03
5.351963122070312238e+03
5.120709512695311787e+03
6.037300958984375029e+03
5.764889860351562675e+03
5.739910881835937289e+03
6.202225129882812325e+03
5.902539748046874593e+03
6.306524000000000342e+03
6.529174880859374753e+03
6.627600601562500742e+03
6.734352899414062449e+03
7.001704623046874985e+03
5.697228767578124462e+03
6.100066079101562536e+03
5.653923278320312420e+03
5.967503205078124665e+03
6.690968008789062878e+03
7.151156054687499818e+03
6.276908786132811656e+03
6.666945763671875284e+03
6.712413822265625640e+03
6.528826807617187114e+03
7.089455119140625357e+03
7.232100611328124614e+03
6.506444824218750000e+03
6.387132061523437187e+03
6.672499350585937464e+03
6.451211292968750058e+03
6.965990309570312093e+03
7.189637116210937165e+03
6.552842344726562260e+03
6.553942409179686365e+03
6.535494268554687551e+03
6.142052608398437769e+03
6.136795041992188089e+03
5.997923686523437937e+03
3.970840552734374796e+03
4.136132060546875437e+03
4.114333521484375524e+03
4.074420433593750204e+03
4.884754831054688111e+03
5.431997446289063191e+03
5.228704093749999629e+03
5.299232431640624782e+03
4.099661367187500218e+03
4.438117257812500611e+03
4.504181717773437413e+03
5.053920264648437296e+03
5.303155758789062020e+03
5.181996786132812304e+03
5.334742194335937711e+03
5.065266689453124854e+03
4.973362798828125051e+03
4.990921791015624876e+03
5.040882693359374571e+03
5.250191298828124673e+03
5.378335647460937253e+03
5.254098173828125255e+03
5.253711251953124702e+03
5.145546067382812907e+03
5.096639243164063373e+03
5.213087980468750175e+03
5.317710524414062093e+03
5.275370791992187151e+03
5.351688626953125095e+03
5.342511839843749840e+03
5.136345285156250611e+03
5.480918781250000393e+03
4.770804730468749767e+03
5.345135251953124680e+03
4.991617075195312282e+03
4.979553572265625007e+03
5.107413523437499862e+03
5.094617346679688126e+03
4.859701842773437420e+03
4.821888277343749905e+03
5.222962163085938300e+03
4.852257530273437624e+03
5.331381016601562806e+03
4.980760741210937340e+03
4.980479289062499447e+03
5.254443783203125349e+03
5.182605553710936874e+03
5.675581214843750786e+03
5.199199748046875357e+03
5.294847487304687093e+03
4.951300517578125437e+03
5.556588662109374127e+03
5.366950925781249680e+03
5.683545130859374694e+03
5.938563843750000160e+03
6.084921988281249469e+03
5.698554271484375022e+03
5.874023975585936569e+03
5.916756462890624789e+03
5.754613392578125058e+03
5.920412131835937544e+03
5.906903283203125284e+03
5.934254025390625429e+03
6.086636094726562078e+03
5.461995047851562049e+03
5.645007636718750291e+03
5.570068936523437515e+03
5.540556309570312806e+03
6.134219037109374767e+03
6.379982554687499942e+03
5.648515436523437529e+03
6.153408014648437529e+03
5.311497628906250611e+03
5.838534533203124738e+03
5.943468370117187078e+03
5.795886596679687500e+03
5.834023429687500538e+03
6.158111539062500015e+03
6.013730365234375313e+03
6.977031234374999258e+03
6.602948885742187485e+03
6.331720558593749956e+03
6.946263792968749840e+03
7.153155512695312609e+03
6.281234573242187253e+03
6.328619487304687937e+03
7.084818718750000698e+03
6.909369847656250386e+03
7.281806743164062937e+03
7.838183113281251281e+03
7.861141959960936219e+03
8.571168750000000728e+03
7.867804507812499651e+03
8.024362484375000349e+03
8.755908672851561278e+03
9.311425422851561962e+03
5.589736697265625480e+03
6.058634418945312063e+03
6.253585711914062813e+03
6.634042071289062733e+03
6.758964403320312158e+03
7.461965865234375087e+03
6.886307508789062922e+03
7.409250261718749243e+03
6.254808636718749767e+03
6.859043606445311525e+03
5.948908343750000313e+03
6.326521736328125371e+03
6.978396742187499513e+03
7.634197583984374432e+03
6.727679860351562638e+03
7.660338417968750036e+03
7.924625514648437274e+03
8.417317815429687471e+03
7.892619119140625116e+03
8.221346540039063257e+03
9.082411729492188897e+03
9.408675221679688548e+03
8.777956215820313446e+03
9.269212016601562937e+03
7.994111893554687413e+03
8.538207620117187616e+03
8.618082507812499898e+03
9.302550781250000000e+03
9.001468398437500582e+03
1.014637495214843693e+04
1.077724491699218743e+04
1.182722802734375000e+04
4.634109325781249936e+03
4.541097868164062675e+03
4.693612555664062711e+03
4.521953152343749025e+03
4.581986346679687813e+03
4.704317854492188417e+03
4.625193373046875422e+03
4.479609587890625335e+03
4.703179798828125968e+03
4.565586436523437442e+03
4.658273431640625859e+03
4.378382290039062354e+03
4.534654576171875306e+03
4.387029010742186983e+03
4.359092162109374840e+03
4.115306987304687937e+03
4.418927964843749578e+03
3.985353586914062362e+03
4.202846527343750495e+03
4.256232819335938075e+03
4.050548179687500124e+03
4.078837348632812791e+03
4.110156856445311860e+03
3.969176390624999840e+03
4.153664397460937835e+03
3.996222305664062333e+03
3.705555036132812347e+03
3.680886352539062500e+03
3.789943543945312740e+03
3.674712260742187937e+03
3.614782138671875146e+03
7.228399589843749709e+03
4.389471820312499403e+03
4.400783290039062194e+03
4.337094758789062325e+03
4.208270076171875189e+03
4.232857963867187209e+03
3.728965396484375106e+03
3.854504784179687704e+03
3.658459946289062827e+03
4.478423644531249920e+03
4.089705250976562183e+03
4.511379245117187565e+03
3.978515395507812627e+03
3.932137502929687798e+03
3.573687473632812726e+03
3.766260927734375400e+03
3.100706236328124760e+03
3.641753569335937300e+03
3.531573407226562722e+03
3.546135208984374913e+03
3.524528053710937456e+03
3.426068916992187042e+03
3.512639859375000015e+03
3.136107637695312405e+03
3.060787430664062413e+03
3.402814390624999760e+03
3.360769466796874894e+03
3.528913388671874600e+03
3.102621813476562238e+03
3.166422987304687467e+03
3.050981628906250080e+03
3.245287496093749724e+03
3.295264765625000109e+03
4.182818471679687718e+03
4.352376513671875728e+03
3.810151831054687591e+03
3.979431116210937944e+03
4.436625661132812638e+03
4.345962747070312616e+03
3.929332864257812616e+03
3.951938727539062256e+03
3.704965382812500138e+03
3.748611491210937857e+03
3.679336583984375466e+03
3.300165579101562798e+03
3.515679958984374935e+03
3.640312430664062049e+03
3.469260305664062798e+03
3.614591687500000262e+03
4.471750608398437180e+03
4.403724527343750196e+03
3.890956485351562606e+03
3.988389539062500262e+03
4.038734031250000044e+03
3.813973070312500113e+03
4.236663171874999534e+03
3.514974011718750262e+03
3.598713951171875124e+03
3.860217403320312769e+03
3.596695816406249833e+03
3.609383207031250095e+03
3.856464155273437427e+03
3.974584070312499989e+03
4.095130920898437580e+03
4.116888499023437362e+03
3.225294405273437405e+03
3.023803719726562576e+03
3.022469196289062893e+03
3.135149356445312606e+03
3.418102026367187591e+03
3.487908710937500018e+03
3.512422087890625335e+03
3.677888679687499916e+03
3.225671371093750167e+03
3.444390503906250160e+03
3.750466412109374687e+03
4.028270927734375164e+03
3.615450336914062518e+03
3.541458537109374902e+03
3.602016165039062344e+03
3.369991791015624585e+03
3.498961249023437631e+03
5.195215025390624760e+03
3.695979588867187431e+03
3.523089710937500058e+03
4.246002714843750255e+03
4.113167445312499694e+03
3.626451523437499873e+03
3.936109791992187638e+03
3.743736766601562522e+03
3.495264341796874760e+03
3.352964623046875204e+03
3.562094898437499978e+03
3.640455214843750127e+03
4.214466069335938300e+03
3.786848709960937413e+03
4.210151060546875669e+03
4.282215769531250771e+03
3.786828719726562667e+03
4.030153405273437784e+03
3.773291699218750182e+03
3.532359048828125196e+03
3.219241641601562606e+03
3.563188821289062162e+03
3.244915080078125357e+03
3.722730834960937500e+03
3.550336978515624651e+03
3.679860422851562362e+03
3.569295240234375342e+03
3.445143235351562453e+03
3.346231867187500029e+03
3.523952719726562464e+03
3.340019586914062529e+03
3.390335461914062762e+03
3.324766094726562187e+03
3.432995990234375313e+03
3.547124052734374800e+03
3.434072268554687980e+03
3.342078531250000196e+03
3.408311559570312511e+03
3.824508690429687704e+03
3.966985419921874836e+03
3.540682583007812809e+03
4.019403868164062260e+03
3.682985772460937369e+03
3.831786113281249527e+03
4.107725542968750233e+03
4.042293480468749749e+03
4.132713193359374600e+03
3.797342983398437354e+03
3.574673640625000189e+03
3.879515273437500127e+03
3.509951205078124985e+03
3.280979457031250149e+03
3.479926132812499873e+03
3.169312489257812558e+03
3.578034961914062478e+03
3.784588206054687817e+03
3.669072252929687238e+03
4.107267330078125269e+03
3.835369335937500182e+03
3.588064421875000335e+03
3.742613411132812416e+03
4.401198957031250757e+03
4.154616006835937696e+03
3.545015102539062354e+03
4.046512751953125189e+03
3.618650009765624873e+03
4.256175094726562747e+03
4.210146393554687165e+03
4.496534273437499905e+03
4.411654736328125182e+03
4.484426386718750109e+03
3.927010304687500138e+03
4.622249608398436976e+03
4.605471173828125757e+03
5.500740063476562682e+03
4.933822647460937333e+03
4.629441321289062216e+03
5.246379763671875480e+03
4.977704234374999942e+03
3.686176784179687274e+03
3.635441454101562158e+03
3.986766280273438042e+03
3.374966483398437958e+03
3.343147980468750120e+03
3.367102133789062464e+03
3.207702750976562584e+03
3.802603140624999924e+03
4.035579223632812500e+03
3.624087635742187558e+03
3.992366754882812529e+03
3.804618606445312253e+03
3.669932231445312027e+03
3.953706174804687180e+03
4.478147364257813024e+03
4.602970629882813228e+03
3.531041048828124985e+03
3.748193345703125033e+03
3.600733267578124469e+03
3.384420379882812085e+03
3.765664202148437653e+03
4.234662407226562209e+03
3.693518725585937318e+03
4.369669172851562507e+03
4.146641267578124825e+03
3.612728158203125076e+03
4.652734695312499753e+03
4.400565195312499782e+03
4.331586437500000102e+03
4.992622670898437718e+03
5.068883503906250553e+03
5.843310463867186627e+03
4.090788083007812929e+03
4.458210244140625036e+03
4.379731538085936336e+03
5.183463785156249287e+03
5.105398877929687842e+03
5.456692231445312245e+03
5.475405051757812544e+03
5.832486829101562762e+03
4.669288780273436714e+03
5.820705583984374243e+03
5.302682052734374338e+03
6.218144583007812798e+03
5.939503196289062544e+03
5.892123125000000073e+03
6.288893655273437616e+03
5.741893828124999345e+03
5.080417050781250509e+03
5.325958816406249753e+03
5.626165296875000422e+03
6.295916794921875407e+03
6.277552797851562900e+03
6.096354639648437114e+03
6.396398550781250378e+03
6.266457542968750204e+03
5.613375225585937187e+03
6.853419222656249985e+03
6.252877194335937020e+03
7.200157485351563082e+03
6.932007741210937638e+03
7.072060852539062580e+03
7.128867874023437253e+03
7.523675025390624796e+03
4.456199583105469173e+03
4.751309226562500044e+03
4.482367236328125728e+03
4.759157125976562384e+03
4.798303503906250626e+03
4.810826533203124200e+03
4.715339578125000116e+03
4.863412908203124971e+03
4.867877497070312529e+03
4.763737238281250029e+03
4.870622941406249083e+03
4.679407981445312544e+03
4.678108947265624920e+03
4.621962458984375189e+03
4.584157998046875036e+03
4.301403268554687202e+03
4.997778299804687776e+03
4.831138524414061976e+03
4.790209611328125902e+03
4.892070685546875211e+03
4.879280448242187049e+03
4.744155807617187747e+03
4.788497947265625044e+03
4.727827609374999156e+03
4.596352567382812595e+03
4.657370395507812646e+03
4.203949682617187136e+03
4.589681957031250022e+03
4.525143840820312107e+03
4.601326100585937638e+03
4.876912825195311598e+03
4.581873246093749913e+03
4.373653302734374847e+03
4.103986923828125327e+03
3.985227607421875291e+03
3.967408690429687340e+03
4.150877932617187980e+03
4.285407892578124120e+03
4.277054132812500029e+03
4.295788524414063431e+03
4.019628742187499938e+03
3.929620072265624913e+03
3.995992149414062624e+03
4.141523030273438053e+03
4.349989041015625844e+03
4.447454687499999636e+03
4.268626924804687405e+03
4.804200698242188082e+03
4.303412203124999905e+03
4.654693030273437216e+03
4.522685791992187660e+03
5.222581041015624578e+03
4.822666739257812878e+03
4.736790976562499964e+03
5.002548266601562318e+03
5.079619626953124680e+03
4.720041724609374796e+03
5.591038093749999462e+03
5.445320369140625189e+03
5.539874206054687420e+03
5.427186212890625029e+03
5.546066328124999927e+03
5.732911618164062929e+03
5.889877795898437398e+03
4.669591765625000335e+03
4.714951858398437253e+03
4.713761235351563300e+03
4.796991190429687776e+03
4.814767462890625211e+03
4.728339153320313017e+03
4.871604426757812689e+03
5.170076007812500393e+03
4.503618402343749040e+03
4.923501257812499716e+03
4.759766561523437304e+03
4.777901047851562907e+03
4.964260292968749127e+03
5.445361014648437049e+03
5.145806393554688839e+03
5.744111122070312376e+03
5.116454550781249054e+03
5.679024509765625226e+03
5.581548512695312638e+03
6.140264395507812878e+03
6.068725855468749614e+03
7.088467886718750378e+03
6.989849971679686860e+03
7.652432137695312122e+03
5.904567523437499403e+03
6.500999211914062471e+03
6.063589721679687500e+03
6.815005630859375742e+03
7.052989537109374396e+03
7.473458327148437093e+03
7.685356622070312369e+03
8.215621209960936540e+03
4.688291614257812398e+03
4.746043316406249687e+03
5.055426016601562878e+03
5.664250277343749985e+03
5.570311254882812136e+03
6.129802238281250538e+03
6.149969199218749964e+03
7.144457833007812042e+03
5.709920699218750087e+03
6.186990633789062485e+03
5.706285256835937616e+03
6.585790018554687776e+03
6.312819585937500051e+03
6.987338934570312631e+03
6.358057959960937296e+03
6.351257670898437027e+03
6.820180679687499833e+03
7.249834359374999622e+03
7.325786648437500844e+03
7.121465404296875022e+03
8.351968705078124913e+03
8.469145798828125407e+03
7.887517225585937922e+03
7.851766724609375160e+03
6.891795247070313053e+03
6.460482349609374978e+03
6.326464880859374716e+03
6.882305840820312369e+03
7.471414543945313198e+03
8.522094187499998952e+03
7.927930701171874716e+03
8.506184261718748530e+03
4.147459090820312667e+03
4.002928621093749825e+03
4.481665477539062522e+03
4.761203816406249643e+03
4.763879112304688533e+03
5.607054690429687071e+03
5.230885104492187565e+03
5.366492351562499607e+03
4.652647484375000204e+03
5.241507876953124651e+03
5.035228404296874942e+03
4.990925377929687784e+03
5.141114191406250029e+03
5.015094052734375509e+03
4.572999336914062951e+03
4.647530514648437929e+03
5.748209875000000466e+03
5.906005752929688242e+03
5.902783456054687122e+03
6.730581852539062311e+03
5.960950576171874673e+03
5.980206648437500917e+03
5.988662443359375175e+03
5.691382604492187966e+03
5.199420672851561903e+03
5.498460763671875611e+03
4.874468694335937471e+03
5.451889659179687442e+03
5.474018368164061940e+03
5.658361268554687740e+03
6.197817208984375611e+03
6.251189467773438082e+03
4.783954649414063169e+03
4.296552978515625000e+03
4.246668814453125378e+03
3.829597808593750415e+03
4.319202432617187696e+03
4.697710508789062260e+03
4.033735313476562624e+03
4.350775175781249345e+03
3.828908400390625502e+03
4.406066518554687718e+03
3.786627887695312438e+03
3.709600691406250007e+03
4.114639444335936787e+03
4.694794244140624869e+03
5.687871242187499774e+03
8.098349784179687958e+03
5.035004312499999287e+03
5.457203926757812042e+03
4.906281418945312907e+03
4.568821743164062354e+03
5.793167770507812747e+03
5.935367157226562085e+03
4.578290081054687107e+03
4.426009323242187747e+03
4.431172004882812871e+03
4.278976030273437573e+03
4.377254309570313126e+03
3.943534720703125004e+03
4.206076926757812544e+03
3.830144866210937835e+03
3.830776238281249789e+03
3.870507136718750189e+03
5.607319046874999913e+03
6.155672262695312384e+03
5.635418905273437304e+03
6.088939860351562857e+03
6.717495534179687638e+03
6.852443750976563024e+03
6.956407583984375378e+03
8.023615120117186962e+03
5.940231906250000065e+03
6.721460932617187609e+03
6.611897656250000182e+03
6.740369647460936903e+03
7.971669228515625036e+03
9.045736978515626106e+03
7.557433164062500509e+03
8.048120830078125437e+03
6.757252141601562471e+03
7.349032256835937005e+03
8.566760413085936307e+03
8.616198994140624563e+03
9.387550048828125000e+03
9.869917214843750116e+03
1.035949539843750063e+04
1.171582409179687602e+04
8.793857712890625407e+03
1.027058580664062538e+04
8.258593129882812718e+03
8.686160416992188402e+03
1.187093506835937478e+04
1.373593133789062449e+04
1.147821762500000114e+04
1.502675899414062405e+04
6.079194934570312398e+03
6.662275982421875597e+03
4.560170300781250262e+03
5.564441871093749796e+03
6.921417960937500538e+03
7.152264310546875095e+03
6.123740877929687485e+03
6.751449253906250306e+03
4.057512708007812762e+03
4.783954429687499214e+03
3.878138498046875156e+03
4.546664692382812973e+03
5.753130084960937893e+03
7.706001487304687544e+03
5.823825140625000131e+03
8.178986730468750466e+03
7.388259033203125909e+03
8.746435105468750407e+03
8.071586251953125611e+03
9.101109531250000146e+03
1.165539119921874953e+04
1.499343210937500044e+04
1.248308727246093804e+04
1.640253913085937529e+04
8.859831287109374898e+03
1.154584693652343776e+04
9.767208516601564043e+03
1.318667474121093619e+04
1.451730331054687485e+04
1.830118907226562442e+04
1.869685873046875349e+04
2.473415926757812485e+04
