7.174583859976168654e+00
5.966695815160139027e+00
6.344272175185970752e+00
5.435337090084804146e+00
5.111367585772502942e+00
4.661352672543248588e+00
4.944137130861007812e+00
4.601382056172045765e+00
5.618047958716498869e+00
5.159649058224377249e+00
5.146930153542407460e+00
4.918689382988802095e+00
4.828556310530216500e+00
4.556508503761116380e+00
4.675646782804444790e+00
4.422211786126964306e+00
4.345282510242743257e+00
4.133250446022854518e+00
4.260208711442833973e+00
4.058359482645818694e+00
3.946233496891049075e+00
3.796825077489890621e+00
3.917364000198332530e+00
3.778747543372150464e+00
4.235024756644046207e+00
3.999411557539708895e+00
4.162694819693649073e+00
3.955945269664936870e+00
3.835280329306378189e+00
3.717855927479415179e+00
3.778568901284591330e+00
3.668405337121483534e+00
4.904582455472426439e+00
4.754190377024938741e+00
4.942452010574416299e+00
4.837318717209535102e+00
4.538353926998978771e+00
4.292339635759450545e+00
4.586514939421168613e+00
4.279869309921070730e+00
4.855063074657331335e+00
4.919907237959873392e+00
4.557738745571017880e+00
4.666665047060195803e+00
4.744533259002157166e+00
4.376162700479747869e+00
4.690595449617774193e+00
4.454932074891012839e+00
4.111505798554316193e+00
3.946734133324163007e+00
4.086609964659411176e+00
3.928595816091065895e+00
3.765549515123737034e+00
3.657162629378270413e+00
3.769161183560630235e+00
3.665952186501958199e+00
4.100231025411599006e+00
3.908395183392360472e+00
4.156740944127968795e+00
3.925703139668393682e+00
3.775671983868555515e+00
3.685739827016642156e+00
3.780345646356375600e+00
3.691163577194548573e+00
3.685104743131005112e+00
3.596836310214450716e+00
3.667841795119989534e+00
3.578122586943221162e+00
3.531163102565640699e+00
3.492050044770576012e+00
3.510323750562189815e+00
3.464318611552439364e+00
3.626526681969727051e+00
3.550103773635475246e+00
3.588428205513520819e+00
3.526146009551158311e+00
3.487131570167527173e+00
3.439242864873596872e+00
3.468676990797839199e+00
3.424099208642046754e+00
3.460537217672227328e+00
3.442626599545058230e+00
3.434695218288401186e+00
3.420666313698065064e+00
3.429007216111497058e+00
3.409154741094266861e+00
3.406046887717530058e+00
3.387589927468591444e+00
3.412836969170817802e+00
3.397783071372702413e+00
3.397784426585895634e+00
3.374721553033027011e+00
3.387049503001278605e+00
3.358788665309657251e+00
3.361278626572254957e+00
3.327055641442429490e+00
3.577735098208294051e+00
3.513376200316228548e+00
3.584348376250430679e+00
3.524825088483807711e+00
3.467844292484985935e+00
3.427561355830351708e+00
3.481939344079546306e+00
3.436362797610365671e+00
3.593285639921847796e+00
3.533250532147106604e+00
3.595738754723224240e+00
3.534890556974863429e+00
3.494023913884602539e+00
3.452833288946140389e+00
3.511462475356350588e+00
3.472819056030545415e+00
3.389156466366251230e+00
3.358599501419859745e+00
3.393933569763584845e+00
3.364660240793909463e+00
3.335808820981003286e+00
3.300457506526156770e+00
3.326573371622439712e+00
3.283801450271218947e+00
3.408128933646990877e+00
3.378734404426927185e+00
3.418913477796535538e+00
3.377800518287100040e+00
3.324048269753225870e+00
3.271840114081831619e+00
3.312218818663082320e+00
3.260098185416547167e+00
4.390398898030001718e+00
4.421472201195880913e+00
4.310753891902364465e+00
4.347775989513555928e+00
4.516340296235894947e+00
4.400229174924805697e+00
4.363159822261414966e+00
4.233442910262246173e+00
4.239428286919821431e+00
4.246341372358797273e+00
4.100559584932394586e+00
4.064415778918747613e+00
4.223405727431254419e+00
4.143774385206504540e+00
4.062606907552098079e+00
4.060373972455430192e+00
4.204023772717887297e+00
4.004241372093650497e+00
4.175528654809507856e+00
4.054847217584997665e+00
3.818161450997006767e+00
3.711607824643339715e+00
3.885781281790093189e+00
3.782621382889447492e+00
4.101770880487887183e+00
4.017432184765344694e+00
4.008121907550602714e+00
3.941996779726291589e+00
3.936686902793218312e+00
3.873184818732219981e+00
3.909151430194005350e+00
3.881601335080176352e+00
4.002688314313568974e+00
3.962188340727079705e+00
3.927852185645734018e+00
3.897399706742213255e+00
3.942255917264582799e+00
3.962359260202691580e+00
3.887557140445416337e+00
3.883635627274364399e+00
3.842654682879189210e+00
3.820050261121513024e+00
3.775860496728881355e+00
3.757408795727098738e+00
3.822803035064198607e+00
3.812048607400978284e+00
3.766049173413627216e+00
3.754017147181726521e+00
3.921769754382579798e+00
3.861491783430180291e+00
3.844207843473335995e+00
3.809513445697725764e+00
3.838963735387673992e+00
3.836860171903667460e+00
3.776886754300430749e+00
3.765046691671412926e+00
3.791160140733546235e+00
3.750827794423830852e+00
3.718983273286252889e+00
3.666877835647531558e+00
3.708992743684503601e+00
3.702061476389648220e+00
3.632121805656829405e+00
3.632514626655560352e+00
3.612749983689817590e+00
3.531639132084174904e+00
3.650550430833440885e+00
3.532454893708405930e+00
3.503398162497925128e+00
3.469416378730707962e+00
3.482342433693078831e+00
3.453276900844971742e+00
3.722165712189990927e+00
3.576200328590203981e+00
3.787217968062668305e+00
3.663445035979903341e+00
3.487607878252182658e+00
3.444655012767638080e+00
3.538794417796174319e+00
3.453155501648126791e+00
3.424319061274773812e+00
3.372004866766632247e+00
3.426135786425450913e+00
3.370507764325657352e+00
3.303631289411987915e+00
3.256465651948636797e+00
3.302506491422289692e+00
3.262575454204926562e+00
3.416968124101200655e+00
3.370590485273433412e+00
3.409114835694548429e+00
3.371376908752865109e+00
3.309944089147880408e+00
3.277556338805752034e+00
3.321900710901950493e+00
3.296222301034562818e+00
3.803855101228459823e+00
3.723053811294642301e+00
3.765830638630714322e+00
3.732342147276800581e+00
3.604555970432102185e+00
3.488318968496456396e+00
3.651333866102179471e+00
3.534815945506006418e+00
3.721702082184110250e+00
3.732968847589984041e+00
3.658864698694750839e+00
3.683046297767924138e+00
3.679197975837029677e+00
3.572082342552244327e+00
3.658308928555365824e+00
3.587017360041709235e+00
3.413401515958887078e+00
3.369951105594667151e+00
3.432209898827899064e+00
3.369941025055597006e+00
3.329704455524234774e+00
3.309763297742083665e+00
3.332050721682729755e+00
3.319117709183962095e+00
3.457847070443426318e+00
3.369415213521313124e+00
3.471514313859225265e+00
3.377268494804568810e+00
3.324722861281957709e+00
3.307477018962847737e+00
3.320715174506842615e+00
3.299814407873425726e+00
5.229760811491991568e+00
4.694892152288751674e+00
4.779671026585441851e+00
4.492998803679363995e+00
4.394591009019784167e+00
4.231340662258242347e+00
4.271252393876996400e+00
4.085829057661800157e+00
4.530150184405004943e+00
4.344809966065585449e+00
4.321400125592693264e+00
4.188398864867935778e+00
4.115683395993862348e+00
3.921646940282089044e+00
3.994867198118218887e+00
3.840091962623104926e+00
4.095984791433394001e+00
3.969799003455426689e+00
3.960318048903848087e+00
3.875150742275768945e+00
3.880866656522024893e+00
3.799757557841044520e+00
3.814611176109482304e+00
3.745338357484161218e+00
3.840820611890055858e+00
3.810596222216636964e+00
3.767469607841985368e+00
3.735360175530409776e+00
3.764625864460114268e+00
3.690358806402643577e+00
3.679778883925417521e+00
3.613156717804173024e+00
4.184551868252108342e+00
4.072574073486824986e+00
4.098548889910114568e+00
3.975761344587532609e+00
3.907515531268776598e+00
3.765116584670957778e+00
3.802736800745441847e+00
3.669456786538681126e+00
3.945607874468912257e+00
3.832062179411324099e+00
3.774791212250105055e+00
3.689389186000825660e+00
3.695306217384234149e+00
3.626127225478328775e+00
3.637299012790474517e+00
3.633343847129444359e+00
3.677559098186490516e+00
3.625342540174246952e+00
3.588399704564415149e+00
3.527439814536412310e+00
3.555644011525716408e+00
3.508075018963134450e+00
3.467889371379372587e+00
3.455879336540693902e+00
3.566415147197587565e+00
3.496987765434875328e+00
3.584481736737809232e+00
3.507465428980314659e+00
3.445211888202917461e+00
3.446962901806502444e+00
3.457199475060868110e+00
3.460535289678138504e+00
3.738950931813520118e+00
3.699501930171141595e+00
3.696866260959825290e+00
3.661797870039932068e+00
3.646299139435772219e+00
3.587871749456258197e+00
3.617240755189045309e+00
3.582935147684555233e+00
3.646815601809053398e+00
3.622563680040721490e+00
3.590649631829342159e+00
3.580186302639925433e+00
3.599989490038460804e+00
3.573014309551093337e+00
3.565783662861081282e+00
3.532791650043643816e+00
3.538650074129184642e+00
3.467902784819896667e+00
3.526341442137449711e+00
3.447099194588707505e+00
3.402427556759155092e+00
3.358940771096657674e+00
3.383501558342295379e+00
3.325945848824228612e+00
3.500826906973180552e+00
3.424514831860745012e+00
3.467127312037005638e+00
3.382422369122764838e+00
3.341342456525671967e+00
3.300171320089164251e+00
3.304025778777272215e+00
3.295410168739618229e+00
3.524878818913638412e+00
3.550357539707171384e+00
3.487768445559749964e+00
3.531126387063086902e+00
3.537335394194164095e+00
3.492050752819742865e+00
3.501365611927856669e+00
3.437839591802797301e+00
3.487700629823727194e+00
3.503553926467281254e+00
3.475090069581279195e+00
3.446029642001751991e+00
3.443187744628712466e+00
3.388474529215106834e+00
3.393928933887087496e+00
3.363402739864430835e+00
3.422277002910746102e+00
3.337084359804974643e+00
3.371652867961417499e+00
3.317045611181974163e+00
3.296707830018728913e+00
3.289280062722501174e+00
3.290342202126240956e+00
3.266415842330911090e+00
3.345352960539631493e+00
3.306705494464174500e+00
3.327292102120906314e+00
3.282451176400069226e+00
3.268981435939851465e+00
3.256399877757454320e+00
3.254516069007752588e+00
3.271277939090175835e+00
3.668407492551528648e+00
3.615459781342539536e+00
3.621118855644013035e+00
3.570323664940526331e+00
3.606487297310764006e+00
3.606619828770374792e+00
3.553936554012054660e+00
3.536801568113044247e+00
3.594407827565440972e+00
3.530065937370403528e+00
3.568188037785317679e+00
3.507568637475012796e+00
3.490292041558793912e+00
3.473182226947209461e+00
3.463991560939507330e+00
3.453342743486826460e+00
3.564192439854017458e+00
3.498765734827915086e+00
3.506858972918763584e+00
3.464083763036315489e+00
3.455911852013741292e+00
3.451314672264320205e+00
3.441582159058739432e+00
3.425660555075396463e+00
3.463533886857169897e+00
3.437046658515510167e+00
3.440079178978596719e+00
3.410156142557117409e+00
3.418725081008764377e+00
3.399144460486065444e+00
3.387006906519604232e+00
3.364196004976771182e+00
3.557257845797170415e+00
3.516650310448499184e+00
3.542176691540581679e+00
3.509730474435700298e+00
3.472580896404474871e+00
3.442474257571300544e+00
3.452365730515075004e+00
3.405882136645552727e+00
3.485498531139441081e+00
3.450446707634700516e+00
3.418403703852183284e+00
3.382568914342147348e+00
3.401100189695199560e+00
3.364097586617157187e+00
3.350250886036997944e+00
3.320030449378742698e+00
3.406013145084386462e+00
3.378008584798431801e+00
3.376107568819636917e+00
3.350650767319173884e+00
3.359229331699620680e+00
3.335385945177469669e+00
3.327260347557180253e+00
3.311384643224080992e+00
3.332752703635958103e+00
3.306753431236059360e+00
3.293924424656249794e+00
3.281927238651371592e+00
3.302750028327904541e+00
3.304032735291806855e+00
3.286391368823162740e+00
3.278883091857989651e+00
3.435232909604390539e+00
3.402385050609065598e+00
3.400278417428937772e+00
3.370156959035147892e+00
3.365590993026505107e+00
3.333413199260387483e+00
3.340868339003799647e+00
3.312021450581964288e+00
3.376485989409370170e+00
3.348403655198451290e+00
3.337933839437320138e+00
3.318093011298419714e+00
3.326718661907139385e+00
3.313406770048294980e+00
3.310096303931768347e+00
3.310755943553788772e+00
3.296541801388193527e+00
3.264687010886691443e+00
3.288604881349721065e+00
3.279562787807922319e+00
3.268082978500346236e+00
3.296188766800347558e+00
3.296903064806251393e+00
3.316754203680065682e+00
3.303403357252947536e+00
3.300018870411975058e+00
3.302333922163394497e+00
3.295669782945513049e+00
3.307928720503011011e+00
3.325504723969877396e+00
3.306675307104841810e+00
3.333378386750319056e+00
3.315182305019370279e+00
3.306459601927942416e+00
3.304780077518041814e+00
3.297866943404032192e+00
3.297295991075936961e+00
3.291165205570841579e+00
3.288622452927723039e+00
3.290066275190699052e+00
3.292599651515325299e+00
3.289484570321423718e+00
3.269824167615151378e+00
3.278489048342964285e+00
3.295223656360122710e+00
3.304228836740155550e+00
3.287812083255637230e+00
3.294845988753607013e+00
3.284155323037749596e+00
3.294227718203313948e+00
3.299594242988785453e+00
3.313286800196859616e+00
3.317146164924761109e+00
3.341087564334971560e+00
3.326867922020794843e+00
3.335585992833287161e+00
3.311912032371451708e+00
3.318617046041951291e+00
3.304562301596732254e+00
3.314331882110167271e+00
3.325791395104448878e+00
3.324401630498055038e+00
3.317816325294316027e+00
3.315625059866182944e+00
4.057833362444107195e+00
3.846663266080217358e+00
3.869654400622047685e+00
3.711519467759315294e+00
3.709255633186427925e+00
3.611229188379216914e+00
3.602123845482370523e+00
3.543543582263268821e+00
3.686192108191581163e+00
3.586584618196237528e+00
3.617327325189484633e+00
3.522980723396325065e+00
3.525895415313854642e+00
3.495640545645958497e+00
3.468952577658528380e+00
3.452389792510278443e+00
3.546819259996561780e+00
3.506029556511200962e+00
3.498876801190640151e+00
3.464764491338408359e+00
3.498691787185802315e+00
3.503815154516833008e+00
3.448782609789804887e+00
3.464079345941702304e+00
3.457264245050171159e+00
3.423111269740206186e+00
3.428026102182355039e+00
3.395390110756094870e+00
3.400974456795089029e+00
3.417166890818212899e+00
3.380144581802061676e+00
3.381647869193355138e+00
3.588788881410999831e+00
3.504899566397585708e+00
3.540195335927419418e+00
3.491574265309017377e+00
3.454819434309130965e+00
3.431264877097937038e+00
3.451558491755255531e+00
3.414707595764479908e+00
3.498564126939696983e+00
3.478471913365913437e+00
3.505283666441217250e+00
3.463066383217483057e+00
3.453528639469753969e+00
3.406330943874698924e+00
3.447138542280401285e+00
3.415241699415008547e+00
3.404924381696347258e+00
3.382818430277811927e+00
3.378659618160766431e+00
3.372676799824946059e+00
3.375917929942472195e+00
3.378796510112575202e+00
3.377813188795602883e+00
3.379767831711816495e+00
3.367173460549438779e+00
3.352188725608789444e+00
3.371606693657928755e+00
3.336178715797640582e+00
3.358289786532651533e+00
3.374327479559874998e+00
3.335971264623288413e+00
3.358519532591602186e+00
3.505733964298431982e+00
3.504305599649724989e+00
3.470437987848430161e+00
3.454286744344384097e+00
3.476560564998807834e+00
3.465342487250242964e+00
3.441925277157464880e+00
3.444193195731946489e+00
3.426967856745744889e+00
3.418470208823246370e+00
3.383741085128098458e+00
3.394541351293047349e+00
3.419468871710654057e+00
3.428395566610125567e+00
3.398928772330024550e+00
3.405894811648213061e+00
3.476109037836141447e+00
3.464206295967135141e+00
3.448825555646564123e+00
3.424501706104056353e+00
3.457977432726148770e+00
3.464563580854048919e+00
3.416089411696763278e+00
3.438787106901636470e+00
3.427425327997280391e+00
3.402856320148175406e+00
3.415936747947411423e+00
3.397756102907151021e+00
3.404265942002215439e+00
3.426299276502098756e+00
3.407691638965595793e+00
3.426293642289379715e+00
3.379068211785159370e+00
3.384854393878245382e+00
3.388396981478582148e+00
3.389117146994263141e+00
3.384717418855135218e+00
3.390893316537624269e+00
3.377934021979143608e+00
3.392253924245166807e+00
3.382507592012948372e+00
3.373687051192653552e+00
3.360893690489946906e+00
3.357804074715247111e+00
3.370795978763042822e+00
3.387906026868265030e+00
3.364545153711793635e+00
3.375302127644600247e+00
3.405739522733286950e+00
3.396075100245828704e+00
3.400063646785206117e+00
3.395590702562349517e+00
3.412405180047101361e+00
3.423147315625679532e+00
3.408687967034145672e+00
3.417019300960033590e+00
3.397256684007222916e+00
3.396217214426459297e+00
3.388276278736626512e+00
3.392958922780995312e+00
3.403874882908888733e+00
3.407025064364588296e+00
3.395189815443345527e+00
3.394644884158036557e+00
3.523678169187437259e+00
3.456946736279915555e+00
3.513059696718451530e+00
3.454854943543204993e+00
3.431426519798636665e+00
3.414101502935854349e+00
3.411888840984595994e+00
3.391914349206402335e+00
3.456541070567956009e+00
3.418353876479678810e+00
3.410652073549810481e+00
3.369002578300796635e+00
3.382656771153796704e+00
3.370212830674156557e+00
3.345381098987390445e+00
3.339350019855629625e+00
3.376918961130823238e+00
3.332758358888265438e+00
3.380938289376743011e+00
3.342517708688687250e+00
3.319362737119720297e+00
3.336172534615188923e+00
3.317074314175995298e+00
3.323806607949943981e+00
3.373127268055000627e+00
3.345345068019684120e+00
3.339933702600045962e+00
3.323951814984978270e+00
3.321572708315796429e+00
3.325276790723854514e+00
3.321441363152365600e+00
3.336016199449591824e+00
3.400006361199060745e+00
3.345419053218442240e+00
3.383385536382629954e+00
3.330446237215315186e+00
3.319561781363284503e+00
3.302596789279523382e+00
3.306936025437423599e+00
3.288105604020681749e+00
3.357599905279929242e+00
3.320599744067103121e+00
3.338566008276748320e+00
3.312657220166007832e+00
3.304987560641012401e+00
3.290411369516293316e+00
3.299235728423211444e+00
3.289825612337184957e+00
3.283834125892379774e+00
3.276356727261353186e+00
3.268300389420614405e+00
3.262775900723487776e+00
3.292531480093317864e+00
3.311878203389573727e+00
3.275426986828919862e+00
3.288880116266331033e+00
3.278421781483251696e+00
3.271989057916298016e+00
3.278713222112345171e+00
3.265573616875388829e+00
3.277045811263151087e+00
3.291836243770220882e+00
3.273416958074114369e+00
3.290290801610975091e+00
3.338577750384203124e+00
3.345406354696314644e+00
3.335267909850655688e+00
3.348036098928635074e+00
3.359641849358641519e+00
3.368476124302925090e+00
3.359314422364187536e+00
3.364356793880668217e+00
3.341288484272863624e+00
3.344579988603696208e+00
3.341759554884912831e+00
3.334011929824773013e+00
3.347815480772232011e+00
3.354156556821819901e+00
3.339029811062872888e+00
3.350239313133093866e+00
3.378329708908880846e+00
3.387289222273558664e+00
3.374422285478740235e+00
3.388073197722082597e+00
3.384043401418058927e+00
3.381816044643137786e+00
3.371202398099998998e+00
3.367659532293152846e+00
3.371790773166191357e+00
3.382010836400739073e+00
3.368114899848265953e+00
3.374071676552352184e+00
3.355035910018462353e+00
3.361734931181376229e+00
3.346861826649676797e+00
3.346989287214376940e+00
3.316723424758094563e+00
3.313163298643847732e+00
3.291754917658673563e+00
3.284031832763646186e+00
3.322340921480318787e+00
3.349719531070858736e+00
3.294249916344924145e+00
3.327425329788461283e+00
3.292453295411158276e+00
3.284586864325411693e+00
3.301823289882134471e+00
3.312032739354606292e+00
3.292139059831217018e+00
3.319191923923001664e+00
3.322014875268034739e+00
3.336980055022338743e+00
3.376263765714158538e+00
3.392247907728046297e+00
3.364638875568936260e+00
3.389870578576833271e+00
3.364686500717118722e+00
3.337499219433031072e+00
3.375503454431830530e+00
3.345392356377357768e+00
3.350088092200789625e+00
3.362851358206364605e+00
3.345658839922562855e+00
3.339573764110922660e+00
3.355400992229298662e+00
3.337537602489532240e+00
3.329121439457797038e+00
3.321632174550730898e+00
7.309518725412113227e+00
5.857439695117276912e+00
5.934238332655322523e+00
5.136981250105555397e+00
5.115523459548046326e+00
4.938186570524621288e+00
4.786648646127615869e+00
4.606027798126095085e+00
4.909129307249215479e+00
4.694713773160463788e+00
4.460690274007289347e+00
4.412170360139588965e+00
4.596487602539518491e+00
4.416083837754342767e+00
4.469309777390876093e+00
4.312855250043023503e+00
4.865655533961397161e+00
4.796998622844112603e+00
4.570132889071836679e+00
4.583899274953150638e+00
4.714738631882796405e+00
4.511825575808021682e+00
4.508659994079561528e+00
4.341601402539594368e+00
4.353044524475694566e+00
4.378730825697701334e+00
4.203435724593645340e+00
4.207397462864586934e+00
4.290828805372985499e+00
4.174021421997307080e+00
4.141681677160387487e+00
4.076005529690901241e+00
4.265595998918795040e+00
4.330943613430186190e+00
4.066550297740143094e+00
4.099582361962726296e+00
4.767201693176442490e+00
4.569541341846528937e+00
4.570867599138303206e+00
4.644256812548323232e+00
3.925728325822498199e+00
3.898980947392974183e+00
3.843714234830330589e+00
3.831013736764460109e+00
3.984746436860543195e+00
4.089572063536460966e+00
3.853760539960494391e+00
3.922085716221702434e+00
4.175227942193275865e+00
4.114857721951012515e+00
4.191329119093067490e+00
4.099381546581992275e+00
4.087533664067968253e+00
4.034417962515690625e+00
4.062881261006408451e+00
3.964036782499686495e+00
4.068743945555157282e+00
4.058712999015608780e+00
3.993840322958953415e+00
3.939846415997430462e+00
3.970658348252231740e+00
3.862081063986833041e+00
3.851326441244405263e+00
3.798491906219869652e+00
4.353324244147591671e+00
4.250728610391046658e+00
4.241884649475420765e+00
4.152676350845782238e+00
4.127115610342251273e+00
4.048347756974597367e+00
4.067860743954462954e+00
4.020251587378173674e+00
4.124146384496580886e+00
4.069773639272588284e+00
4.044042926967672535e+00
4.003361797710292436e+00
4.009152598619647456e+00
3.956897288963016734e+00
3.944454190806545579e+00
3.881211745908728528e+00
4.037694362059625952e+00
4.005596354927601688e+00
4.004387484370687922e+00
3.966210752846926813e+00
3.928340921566775723e+00
3.825554774031977967e+00
3.889212260831590218e+00
3.777115696826379043e+00
3.921204843956783037e+00
3.889895031720882024e+00
3.841724707470962397e+00
3.808323171239451188e+00
3.825808391885232584e+00
3.752844958308849677e+00
3.767859826885671115e+00
3.720659515516532956e+00
3.977219377771918918e+00
3.920655434903935532e+00
3.869629330599527073e+00
3.804081565553360633e+00
3.856997775693708608e+00
3.805527244072574256e+00
3.762080548893752763e+00
3.743816362025020439e+00
3.782178434077360318e+00
3.722452802665042082e+00
3.734237310952966293e+00
3.669396841050317271e+00
3.689968952706069061e+00
3.666081983529293264e+00
3.624351601922142230e+00
3.592964433006957670e+00
3.776032964040529460e+00
3.733657486812496984e+00
3.702363997559823705e+00
3.661019536109481276e+00
3.705213151055418930e+00
3.688271478739039377e+00
3.655761632225652757e+00
3.644297516300441409e+00
3.632119912640324078e+00
3.623791583619287326e+00
3.597420716362057291e+00
3.605604590598026515e+00
3.619772365565804062e+00
3.605712242887800567e+00
3.587798775814552421e+00
3.587764183932057538e+00
3.803897491876031101e+00
3.796426084535522882e+00
3.800870353672611390e+00
3.757662513835427376e+00
3.813234148357010245e+00
3.865962651776978287e+00
3.753260452479863396e+00
3.777936059379241929e+00
3.758411697306770272e+00
3.697717702551728269e+00
3.674368474643042948e+00
3.639953128579143105e+00
3.697882483226553330e+00
3.713417759499050952e+00
3.658379727498093814e+00
3.658211493708353412e+00
3.878066014420904928e+00
3.810962558100102093e+00
3.748812520421461514e+00
3.728150056812803204e+00
3.773431491068598209e+00
3.730146225492823042e+00
3.708565007048935769e+00
3.655370578793555758e+00
3.682436856712998807e+00
3.669393041956455548e+00
3.622761971250558322e+00
3.597511928710325879e+00
3.642317315790405630e+00
3.615234303395526982e+00
3.589507008501478857e+00
3.609362545186848070e+00
3.591350237341620399e+00
3.583473274182843671e+00
3.526746955004618211e+00
3.533645169262416008e+00
3.598197055695646629e+00
3.596591792606686155e+00
3.547635737950441293e+00
3.558592524742181240e+00
3.500095537110978761e+00
3.514949782903990183e+00
3.489478883149831123e+00
3.476641978231264307e+00
3.515816309401351258e+00
3.512860519168167883e+00
3.456047924410448946e+00
3.448762252573736919e+00
3.581105599411845031e+00
3.570665486229204877e+00
3.562106648978028201e+00
3.549960249692302394e+00
3.575207174355378825e+00
3.597729116633288093e+00
3.554655193390566126e+00
3.579978672846347632e+00
3.509562097317096008e+00
3.501132431610982643e+00
3.438295201893386555e+00
3.423612725441265159e+00
3.501448782743751487e+00
3.508264017677371616e+00
3.411373884647719734e+00
3.406820697490643646e+00
3.656020090121590460e+00
3.605990917946757524e+00
3.604151700290827876e+00
3.586048407422730566e+00
3.575322404103083773e+00
3.571092165620660452e+00
3.580126923426091956e+00
3.579958970586885503e+00
3.614197260414763857e+00
3.607822423416771063e+00
3.623202745384960455e+00
3.608534271106477842e+00
3.593109676060314506e+00
3.570643208997102747e+00
3.576450164391302700e+00
3.554639477347396603e+00
3.585360653409005227e+00
3.576951108777779442e+00
3.570394744300327439e+00
3.550863021128222385e+00
3.560464841639605194e+00
3.582466297500210839e+00
3.555736750090033205e+00
3.598999833315808861e+00
3.548315916838487016e+00
3.544382750032628593e+00
3.550232726730764732e+00
3.563875535359090740e+00
3.575065689710280825e+00
3.610323828892177733e+00
3.582782440194411500e+00
3.594831344099013393e+00
3.610690607794077245e+00
3.587185212747022955e+00
3.590000361826366060e+00
3.581517504791209561e+00
3.566885530411926020e+00
3.571104701302022288e+00
3.565480621731367705e+00
3.551309776078994229e+00
3.524639208463388851e+00
3.513952596502145198e+00
3.412444861735653312e+00
3.422581506487029301e+00
3.495712121471024503e+00
3.529491155104132361e+00
3.506555933397473623e+00
3.551330017587995158e+00
3.572687334980603424e+00
3.565922993351284376e+00
3.538591042482698512e+00
3.535019274953702606e+00
3.574083510717519729e+00
3.532222686436782499e+00
3.520101777161305012e+00
3.434404648228854828e+00
3.500046804488758490e+00
3.447998123469448117e+00
3.412120402074033443e+00
3.347029151692290316e+00
3.408500953005188183e+00
3.354122943095847464e+00
3.335738653067777282e+00
3.315959631353455617e+00
3.780040913285700910e+00
3.812039594080422589e+00
3.854381301052585140e+00
3.917490098023085121e+00
3.860664546126912455e+00
3.919310150402987691e+00
3.972853737521072404e+00
4.050520805290946491e+00
3.898580936688274434e+00
3.995438721103392155e+00
3.978200596020458057e+00
4.089112945563042167e+00
4.092608715930776242e+00
4.204171409381864066e+00
4.210289130117871537e+00
4.344281315139567390e+00
3.956559473268968841e+00
4.001947795380660367e+00
4.123313754524020602e+00
4.194101870406083066e+00
4.029106201883112526e+00
4.057682701985140028e+00
4.221663206127496792e+00
4.246818417198054973e+00
4.287202151022471597e+00
4.376634406137585032e+00
4.455054327393634495e+00
4.586706379916046572e+00
4.439666835026507385e+00
4.494984512571995161e+00
4.722859072033138261e+00
4.862444439067722612e+00
4.036488746265192162e+00
4.166668346878238616e+00
4.090523041329038101e+00
4.232797501578499322e+00
4.283207871876020256e+00
4.436779900701652402e+00
4.381649698717040131e+00
4.576613235190830409e+00
4.191420230739217878e+00
4.341695732827103527e+00
4.310505605811094654e+00
4.482544683925401507e+00
4.549162428068924235e+00
4.812419107855370193e+00
4.741912063858992887e+00
5.076873583014051228e+00
4.626219917669395443e+00
4.855534851647600014e+00
4.839234269245084263e+00
5.193084529283836126e+00
5.089862399623759082e+00
5.477473570282459292e+00
5.599516714918636673e+00
6.274628259181082690e+00
5.141612216149212600e+00
5.597803586616903360e+00
5.439124996875831286e+00
6.061137882618627515e+00
6.276014309108234990e+00
7.558979080379103266e+00
7.403807822534855809e+00
1.075049879443218614e+01
4.138288769494482544e+00
4.320514688771170952e+00
4.317819469441877445e+00
4.524985101655476960e+00
4.499054046697795961e+00
4.765362248293439684e+00
4.852529054501317773e+00
5.374122458647073053e+00
4.643287880281863345e+00
4.909519387530699497e+00
5.125567628127076780e+00
5.563521096069821148e+00
5.382587692753065589e+00
6.461282810608359739e+00
6.511307599460521622e+00
8.714367868886307988e+00
5.304293407320892939e+00
6.132930310378458039e+00
6.426844216231484275e+00
7.950984106505877946e+00
7.458501693080489936e+00
8.047245447795440043e+00
8.992762314793168343e+00
8.015768475000133009e+00
8.639477134745582987e+00
1.015175747193018729e+01
1.072759067557762691e+01
9.665190907808343113e+00
8.686336144591118469e+00
6.633961217967570434e+00
7.159409190918688992e+00
5.687085337111144057e+00
6.106009643956740618e+00
7.077562460351482621e+00
7.624678406556010479e+00
9.705105378147672823e+00
9.067500788244279519e+00
1.099566093096155051e+01
1.162150494574385640e+01
1.063523095878390556e+01
9.999172798011302987e+00
1.173452390906809129e+01
1.277968206163385290e+01
1.079209119034552877e+01
1.037257437720849751e+01
7.802924802993295827e+00
7.813095962524385207e+00
6.098612989691680752e+00
1.002989543462765809e+01
7.519743935192562567e+00
7.984546077221839511e+00
6.253310725059376018e+00
6.061278324415164676e+00
5.322698420314404544e+00
5.526322839393231767e+00
5.162749585608767511e+00
6.319801556986075930e+00
5.623785554176976120e+00
5.431942468400333013e+00
5.064220359974525465e+00
5.192727468120082790e+00
4.905590847661048137e+00
4.839670222640813257e+00
4.649539579213866070e+00
4.393385009205100111e+00
4.609802001795022086e+00
4.495015734165732191e+00
4.856102827696379798e+00
4.910674708548669720e+00
5.332402367783783959e+00
5.274049106556188526e+00
5.931838798619626374e+00
4.644282123200168755e+00
5.186740694390381101e+00
4.859372807302771768e+00
5.554655782875139280e+00
5.928633770036401351e+00
7.293654162175757349e+00
6.986493345322220883e+00
9.810373791743890237e+00
5.802240078141774227e+00
6.853685323242149074e+00
6.829585693156137616e+00
8.850132991700419893e+00
9.309015745738442149e+00
1.312681362313433375e+01
1.131833808288832799e+01
1.108310540123129684e+01
9.106621611748737521e+00
1.076650752278353984e+01
1.141318426830154742e+01
1.002716373342145317e+01
1.008051618554751272e+01
7.829128183600725599e+00
7.502056738704465211e+00
5.951499334952467635e+00
5.221745212929420177e+00
6.547992747970599048e+00
5.890970954088572853e+00
8.120939286459003981e+00
9.409578572950577424e+00
1.178242725565896620e+01
1.096669320341738008e+01
1.037202552338089312e+01
7.183499046306788927e+00
8.427596157176919789e+00
8.110244605309194554e+00
7.189845710540179624e+00
8.703964843775983340e+00
7.389440687827370624e+00
6.091412553689435683e+00
5.656132597956212038e+00
1.053978795334975160e+01
7.753989192612372960e+00
7.808079696078546128e+00
6.256194566818614966e+00
6.018474525285296473e+00
5.306528936408524189e+00
5.410925349487096803e+00
4.994351762212867918e+00
6.223508964167708157e+00
5.521739942911064958e+00
5.356344839273979197e+00
5.061517662785025351e+00
5.083212395942566353e+00
4.782072726542408780e+00
4.859440274841231755e+00
4.635099157298485650e+00
1.251971372988439235e+01
8.191378728972825485e+00
8.498376378224307359e+00
6.339132403323720411e+00
6.150908658759826508e+00
5.320988137630533465e+00
5.414429817367039099e+00
4.910899786019692570e+00
6.190442549189326904e+00
5.373452672709373878e+00
5.339716803895810493e+00
4.960699817032349301e+00
5.027823754600684758e+00
4.701645877467425905e+00
4.784817933653493505e+00
4.588046610416590454e+00
4.958106004688929147e+00
4.734807645630328743e+00
4.653195279518505423e+00
4.527823104962068079e+00
4.596023115253131230e+00
4.527537526105650301e+00
4.458018381455636003e+00
4.404402789058847745e+00
4.482167355404381048e+00
4.422386928479205892e+00
4.385761708552964322e+00
4.383469899313347184e+00
4.380311300227010207e+00
4.278390726859427673e+00
4.358867072412224708e+00
4.185613539866763766e+00
5.007189683140023106e+00
4.803880128448283493e+00
4.759864970458441036e+00
4.638832619488651332e+00
4.640565724573650463e+00
4.485254517681928732e+00
4.516594306306427775e+00
4.355852195082790423e+00
4.562656001788640836e+00
4.475532165745582880e+00
4.439604019451119044e+00
4.348590640900953375e+00
4.376261965304022006e+00
4.207342851316235866e+00
4.239009950323368692e+00
4.097951283814029289e+00
4.287210637006122482e+00
4.293066472839784709e+00
4.171610340809309925e+00
4.156133584690429039e+00
4.265867951339927799e+00
4.091323561174449175e+00
4.096229838966370274e+00
3.983131227023867904e+00
4.076263845522499096e+00
4.067698251505638574e+00
4.033276773164776507e+00
4.023707303815928782e+00
4.010826703913022762e+00
3.922818399939508982e+00
3.966036632652230498e+00
3.880278704737728290e+00
3.517651307225423185e+00
3.538853715810132083e+00
3.567601949744577006e+00
3.553938590928667818e+00
3.560834295151980466e+00
3.612789662373816935e+00
3.550417217954841664e+00
3.608755556019648481e+00
3.616697907019527758e+00
3.589453668548769461e+00
3.679767453651387132e+00
3.677071092496529303e+00
3.582217416748131544e+00
3.639494228265882647e+00
3.665642651798581841e+00
3.714756986744443434e+00
3.675585106642751843e+00
3.715906890547147068e+00
3.698886320125572169e+00
3.758128911724149201e+00
3.738496768099679901e+00
3.736973869004479365e+00
3.787831784524102297e+00
3.810012041724999854e+00
3.738704781352991446e+00
3.826712081857146064e+00
3.814208548767766604e+00
3.911482846372504874e+00
3.866909070384750180e+00
3.898643254704498684e+00
3.939313474511095148e+00
3.964304273446175308e+00
3.739321512729625763e+00
3.768326174296769526e+00
3.781872281764667942e+00
3.813441402462853347e+00
3.769125144976335218e+00
3.814541983073769682e+00
3.832542405665122054e+00
3.881866127790561727e+00
3.811883950877172467e+00
3.853997841768995514e+00
3.870670474615864887e+00
3.916040883332774225e+00
3.891393927863104008e+00
3.938447145153314732e+00
3.958083049828502897e+00
4.031277749190376625e+00
3.901913374375786780e+00
3.975822275748023937e+00
3.982028271981237211e+00
4.091897879921659431e+00
4.010114176214657711e+00
4.041281769059255069e+00
4.188790410748855386e+00
4.285539851077380114e+00
4.051543691519806423e+00
4.222887029536937398e+00
4.164390506895156996e+00
4.493140306475439161e+00
4.394246775740262123e+00
4.645933089875806665e+00
4.862681171673890468e+00
5.232979536907577334e+00
3.746847029761708914e+00
3.804543283655862140e+00
3.842347792238998139e+00
3.917171526739986920e+00
3.981219209865798359e+00
4.191120108002371225e+00
4.142695000146332518e+00
4.416567007473191531e+00
3.955354857004224733e+00
4.070874852009692013e+00
4.050917338802430656e+00
4.296497226669796277e+00
4.550223429041295731e+00
5.086522598997301081e+00
5.615317377287702527e+00
7.464185377427051016e+00
4.328794222007508630e+00
4.498986453545612108e+00
4.554975677282440572e+00
4.756190741075854156e+00
4.817738922061671758e+00
5.304235157361240738e+00
5.020631766891420433e+00
5.015166971335804469e+00
4.940660005604331495e+00
5.042535012207857825e+00
5.832558413571385714e+00
5.308912324424513329e+00
5.030005495633636414e+00
4.742544523630705555e+00
4.981270721365723020e+00
4.499392445705026056e+00
4.186711116097244556e+00
4.568248587454217358e+00
4.518612354855174651e+00
4.985170323650535806e+00
5.556192440432078605e+00
6.933470997126209845e+00
5.567649991105151130e+00
5.827498510845171786e+00
5.160076592347303759e+00
5.600628381209118878e+00
6.013925206270666735e+00
6.128038638996522458e+00
5.689337859526264474e+00
5.357159376052331723e+00
5.530584594623445760e+00
4.835298266027916014e+00
6.014706040268067433e+00
5.265176584504687618e+00
5.523474526697001785e+00
4.973077866724048945e+00
4.804059653747295044e+00
4.345628666974016951e+00
4.506646451636718176e+00
4.219741799924645598e+00
5.006717986128417230e+00
4.638479768972036510e+00
4.498551276775537566e+00
4.303223428372494830e+00
4.323797921030818614e+00
4.080752576153980904e+00
4.111647003130839195e+00
3.923443021022366750e+00
3.937847527606507914e+00
4.000057965976659524e+00
3.938084115940180485e+00
4.029966489939763363e+00
4.059788320411883866e+00
4.187560269249241074e+00
4.202588604323191035e+00
4.515383294393202185e+00
3.968335176089446747e+00
4.123373753761915061e+00
4.116808988450898710e+00
4.374294216582320871e+00
4.413462218019557071e+00
4.961874565420294481e+00
4.851002473989050934e+00
5.568100478822140431e+00
4.467978531652517127e+00
5.346993587211733789e+00
5.177940035626251714e+00
7.359308498975542179e+00
6.477900670744834777e+00
6.509563968453109695e+00
9.326176914887041036e+00
7.823781305728365609e+00
6.044848847663184976e+00
8.499651711064158732e+00
6.536238933209293833e+00
7.177929266852469681e+00
1.022664286881850337e+01
7.728226480363671769e+00
7.407982063294022979e+00
5.977295837800486566e+00
4.324397784141191359e+00
4.759531243996263150e+00
4.795188060360214166e+00
5.498939159750804606e+00
5.543975087412404079e+00
6.064248056263896736e+00
6.173226168862339769e+00
5.933400005543394862e+00
6.149809274557724414e+00
6.580799987873796830e+00
7.490847016379174050e+00
6.780622660687908088e+00
6.087902716185429774e+00
5.229281890123623988e+00
5.532407532659956217e+00
4.799824729867582462e+00
6.137133850026533999e+00
5.538871213614701361e+00
5.223174671522587964e+00
4.554902996276211091e+00
5.066052356617684715e+00
4.556600021570204717e+00
4.148300346689442364e+00
3.953551019547060008e+00
4.608401270664276517e+00
4.236320887298870908e+00
4.412398838397078471e+00
4.153391850268277175e+00
3.970171174967201289e+00
3.839086939225671458e+00
3.929093119569564863e+00
3.803160026044690500e+00
6.485894459160260972e+00
5.834929856918778412e+00
6.234205677098131559e+00
5.090999212974449684e+00
4.867522419731766803e+00
4.356878990041127331e+00
4.306141181021587272e+00
4.012742341913513755e+00
5.465083416132028304e+00
4.465760100525147713e+00
4.620614467764585065e+00
4.109192412514769188e+00
4.058249606026648415e+00
3.856013258148538458e+00
3.952710535827908878e+00
3.814461198866819558e+00
4.118439749604036137e+00
3.996953406702332234e+00
3.884852456963050482e+00
3.815194591388573642e+00
3.894607078839921854e+00
3.778413062713536164e+00
3.777463472853602511e+00
3.708961023264140788e+00
3.763614544757418301e+00
3.738346801055310920e+00
3.725572359267324885e+00
3.710467740446188323e+00
3.713860083768349529e+00
3.666378753246502420e+00
3.695615574625964239e+00
3.639367849320489068e+00
4.084603945325404162e+00
3.917505610794389970e+00
3.858293287637431845e+00
3.799978132582689128e+00
3.851175918112466512e+00
3.793193275332281456e+00
3.748661179548951061e+00
3.718646214982602061e+00
3.763950211873805074e+00
3.713007319347259028e+00
3.712980249980059710e+00
3.639985043389386110e+00
3.669322829637029937e+00
3.615751574574165073e+00
3.582940083922153907e+00
3.532807804518295125e+00
3.739316853636593052e+00
3.701653143693681258e+00
3.701794833190235057e+00
3.655740878629942348e+00
3.654210662034221624e+00
3.597729338140506883e+00
3.587388680644693739e+00
3.553186589934956618e+00
3.587261156996997435e+00
3.558198188597325728e+00
3.497147406285494586e+00
3.476610734084108145e+00
3.522591393732473541e+00
3.499085298529274191e+00
3.464381728767305546e+00
3.444020208125295301e+00
3.699596329015293339e+00
3.705973924690932453e+00
3.741865025185642235e+00
3.739829533154605645e+00
3.699881191462825569e+00
3.694155184567634365e+00
3.748888214882411418e+00
3.759192726955844943e+00
3.785448316094923715e+00
3.817262094973637332e+00
3.818495571692051893e+00
3.868707578244020340e+00
3.847267264059005765e+00
3.853640534936608741e+00
3.913192513612011147e+00
3.928713630674136148e+00
3.703134517800495740e+00
3.704102849606044412e+00
3.759441643549703560e+00
3.764205156735852764e+00
3.715553187917842060e+00
3.772872103001958966e+00
3.809086413926291215e+00
3.915193913829201566e+00
3.855500685576929598e+00
3.867078213698168287e+00
3.930394268280471337e+00
3.953804747575535572e+00
3.933906834132416819e+00
4.080738534779933424e+00
4.008321870318404478e+00
4.090562301442222548e+00
3.832522069948208987e+00
3.860499691082647455e+00
3.789771790323465339e+00
3.787359190285710220e+00
3.909977836212738200e+00
3.951791106396380648e+00
3.830423436464180043e+00
3.919811658765502749e+00
3.755676758091206491e+00
3.729791858254222436e+00
3.832696802208882314e+00
3.811152619537200081e+00
3.786994973766546035e+00
3.918785290131811205e+00
3.865653871669590735e+00
3.992841226224831175e+00
3.951441760521424484e+00
3.965112404167036253e+00
3.975785380526281720e+00
4.029971650984674802e+00
4.057996175248594461e+00
4.153478826094750609e+00
4.281705325341341961e+00
4.594696031001324066e+00
4.018921676266842269e+00
4.142491134634338046e+00
4.102601023610247033e+00
4.246267493401401083e+00
4.364030951715532680e+00
4.665961406955459800e+00
4.383016047647152469e+00
4.455356514866657847e+00
3.920024545012132489e+00
4.035587446922040300e+00
4.002911638323810806e+00
4.016696543134433028e+00
3.974875604995426137e+00
3.952207455445543083e+00
4.004659392510818705e+00
4.130583505719849668e+00
4.102710267978531888e+00
4.066754056528002259e+00
4.134055695858228852e+00
4.190673595331456447e+00
4.119834401914139299e+00
4.411649977935408806e+00
4.300866301654949098e+00
4.485868053243400766e+00
4.087522703737586305e+00
4.219829170700562848e+00
4.322514497363165731e+00
4.388291505501144663e+00
4.275984065994252070e+00
4.239254207603564417e+00
4.269914446210919756e+00
4.046558387948298474e+00
4.606948842233603791e+00
4.394911743837065288e+00
4.587283523992792489e+00
4.271308055861569031e+00
4.123535887232239183e+00
3.849801419644344413e+00
3.979200800788778913e+00
3.756947971148272725e+00
4.215107276260892988e+00
4.372536946184435003e+00
4.459741637556268401e+00
4.531193982227418537e+00
4.461676172471433333e+00
4.388928851029873179e+00
4.482798487499148443e+00
4.243208375195672843e+00
4.526375108786277579e+00
4.548997286705810161e+00
4.370969887162970302e+00
4.331488408160617531e+00
4.448451431343511508e+00
4.141696676046414005e+00
4.290050083474190146e+00
4.041905028625249585e+00
4.271380065344369648e+00
4.009130741860852609e+00
4.026034087104759074e+00
3.819747778537790683e+00
3.813671302862835510e+00
3.691804801254097157e+00
3.680622368594326677e+00
3.601014185321703920e+00
3.957371430598432660e+00
3.785646456983955854e+00
3.907489941754063167e+00
3.795094668230769130e+00
3.656739265676856476e+00
3.565651100820266706e+00
3.687153111717994314e+00
3.593232271848496584e+00
3.936158066149102908e+00
4.008838140961746177e+00
3.991188397111634423e+00
4.116523650683006963e+00
4.045134466103590398e+00
4.095562739934504037e+00
4.194989383167138541e+00
4.218131096468777486e+00
4.086039564803895630e+00
4.212062073994481182e+00
4.228438963721943722e+00
4.425505214954105426e+00
4.318537648492791980e+00
4.367622822938040272e+00
4.582437741412515031e+00
4.620118145590459413e+00
4.219204499776337158e+00
4.420894146866938712e+00
4.331132287300411221e+00
4.520449073894791781e+00
4.549852364721180820e+00
4.420179180400140240e+00
4.605126250490460649e+00
4.408550107626900250e+00
4.431213270412596827e+00
4.490048888233364899e+00
4.602899130079787682e+00
4.476461840223603161e+00
4.423113311789304447e+00
4.259261419720573372e+00
4.253960149570713334e+00
4.077959112289923915e+00
4.367603185617392469e+00
4.675155883951283897e+00
4.565463601750224143e+00
4.847567687957185179e+00
4.899327332198923912e+00
4.790008263515364462e+00
4.923519803799210059e+00
4.724839375249777262e+00
4.858308110810232172e+00
4.946634635437105132e+00
5.206090044348953505e+00
4.912490501393924625e+00
4.713037258623303138e+00
4.502438948581657385e+00
4.559643640666522835e+00
4.362319260030305124e+00
4.599181432017506843e+00
4.379779705607466767e+00
4.455914751503192939e+00
4.239661886869807716e+00
4.157031922058227025e+00
3.999485419339139813e+00
4.090287147609531715e+00
3.960890038002688129e+00
4.310545022940814874e+00
4.158965352481190259e+00
4.218264474092610961e+00
4.073201671128652279e+00
4.031686657264947016e+00
3.908674671229455999e+00
3.965686648559806127e+00
3.853661573958450770e+00
4.253561718474737852e+00
4.130241490126615567e+00
4.191418619156132230e+00
4.069625776471835543e+00
4.032203610865333410e+00
3.902686627076257686e+00
3.941250701382677857e+00
3.819313868467838713e+00
4.093994112358141813e+00
3.987333194464578234e+00
3.982454719485349237e+00
3.899277511660790285e+00
3.887030395156942042e+00
3.790124301550245267e+00
3.811580058402068261e+00
3.737880024111214894e+00
3.812428294837711285e+00
3.734734912030658105e+00
3.742638636296018895e+00
3.668788999508115989e+00
3.669404054535524207e+00
3.604923193493271061e+00
3.614422929075200130e+00
3.565909996581495545e+00
3.715544692118430081e+00
3.634274661159807795e+00
3.680204520832287329e+00
3.618629427753299321e+00
3.563042778144092981e+00
3.509539573845898541e+00
3.550528397432831440e+00
3.485945522096467464e+00
3.904854556464220749e+00
3.831608581143310044e+00
3.860407077420843880e+00
3.780336808882207134e+00
3.757061066641396607e+00
3.693605665073360189e+00
3.721174374292437026e+00
3.672198902147474797e+00
3.823206294704483810e+00
3.751487499489705613e+00
3.780466184916301930e+00
3.732614862354703078e+00
3.697911614412635384e+00
3.641997644314956872e+00
3.678252419760557945e+00
3.607833275388866223e+00
3.644247282189376325e+00
3.595979322553272794e+00
3.613618610729344205e+00
3.560478669511152550e+00
3.537886381850135820e+00
3.477082474575550641e+00
3.507609205490547666e+00
3.455360956275297379e+00
3.574253409019119143e+00
3.518535036043159536e+00
3.544306043143903739e+00
3.492520744939127120e+00
3.470759249805899671e+00
3.420185242084743837e+00
3.433583541935611549e+00
3.385291480693466859e+00
3.564315391996780047e+00
3.607201298771209874e+00
3.577319847308733536e+00
3.586369101410515015e+00
3.765225845648539238e+00
3.815440511979279137e+00
3.604885270968670508e+00
3.596065617527555602e+00
3.609775921606537263e+00
3.594491775027815361e+00
3.631775226371988907e+00
3.617145719056885866e+00
3.577467172269627849e+00
3.579244179019978045e+00
3.600166707235680441e+00
3.602835946341381046e+00
3.666996692971598915e+00
3.659899399150181143e+00
3.604591075780441578e+00
3.647281806207588684e+00
3.677539733161476754e+00
3.669291511864304134e+00
3.662310474516171421e+00
3.664497868863855867e+00
3.610310844736281055e+00
3.640139830963880385e+00
3.637929388552328724e+00
3.672325577023691334e+00
3.650536008148898226e+00
3.679721691272539452e+00
3.702363686319004366e+00
3.766616953197931661e+00
3.631476263197085608e+00
3.619418731364476116e+00
3.642684651566989285e+00
3.636093505210566956e+00
3.614104810702672754e+00
3.641281586747517007e+00
3.663845937989156365e+00
3.757636397901804592e+00
3.682960014166993812e+00
3.716477467888872788e+00
3.717641582461077121e+00
3.807195071959027732e+00
3.777146829417666662e+00
3.924930932779874038e+00
3.886828459343852238e+00
4.023013930166660757e+00
3.707081505451063741e+00
3.767988353383301181e+00
3.876644335234556760e+00
3.984363662804690787e+00
3.819773450783475521e+00
3.947142712358895800e+00
4.027869837473182280e+00
4.211407452923289441e+00
4.142404961027622790e+00
4.378208672856949590e+00
4.341594562150655534e+00
5.125715190036675750e+00
4.494712263953870135e+00
4.698517777817327712e+00
5.648163412658153248e+00
5.543816503748731250e+00
3.686116741460790269e+00
3.726184048523681458e+00
3.694859050041227277e+00
3.758279988489920065e+00
3.836249447324309614e+00
4.066869564348621680e+00
3.920896954271025692e+00
4.292776092587890169e+00
3.748941771647436472e+00
3.882487969529762495e+00
3.892253242716947614e+00
4.229945924790079026e+00
4.220985278405569474e+00
4.993677623607485572e+00
5.152593444178863891e+00
6.327463310353265591e+00
4.506464322302196734e+00
5.406875502547911161e+00
5.046819750004964966e+00
6.387155417894784470e+00
7.049379983996391985e+00
8.294644398785225192e+00
7.512234319840293217e+00
7.230529221639645066e+00
5.997712144286735381e+00
6.609249270794901321e+00
6.465247406095069316e+00
5.801059007453162941e+00
6.329393741028052744e+00
5.448169469990115310e+00
5.045880413533231135e+00
4.625120870172090726e+00
4.233996775220158604e+00
5.120886331277346493e+00
4.719855243344453832e+00
5.945220963716221441e+00
6.991158538314907744e+00
7.357486889816942544e+00
7.131993919800530435e+00
6.168413153244395986e+00
5.026173775052301451e+00
5.303796401047652154e+00
5.124474623376800153e+00
4.615936870223116273e+00
5.242823341840643359e+00
4.671510342283763606e+00
4.286582319859982171e+00
4.129730250531240543e+00
5.763785562209880808e+00
4.814634934435906288e+00
4.793520369728454966e+00
4.300696273032630579e+00
4.459483466976955413e+00
4.317374859335288306e+00
4.173752159241313819e+00
4.111375671843038759e+00
4.252810799398302422e+00
4.031956072007658598e+00
4.022014590532189793e+00
3.907573051831997990e+00
3.958667352448864030e+00
3.938179884844557055e+00
3.844181065349999926e+00
3.835099740333465679e+00
3.730465258927810446e+00
3.873939407271294932e+00
3.756337662656133336e+00
3.917738182698832894e+00
4.015384551097877619e+00
4.136011627811467584e+00
4.181605485231348673e+00
4.383292145450737642e+00
3.812241769086840204e+00
3.935054335086837884e+00
3.930658432975234984e+00
4.055077844087683125e+00
4.218213003101047853e+00
4.522649414361218589e+00
4.226835001937243597e+00
4.398992955472585287e+00
4.505131961113498562e+00
5.919895257013023659e+00
4.670626986801703850e+00
5.470656925341360832e+00
6.963865188789416294e+00
5.956610827455054213e+00
6.015101202011971182e+00
5.247732918828555526e+00
4.678863620323604700e+00
4.824321100013509778e+00
4.437463535545750126e+00
4.384949627173247322e+00
4.755943567977468867e+00
4.514650814455833938e+00
4.266083764268920220e+00
4.205739385860145063e+00
4.092680117364573711e+00
4.291974734432818295e+00
4.262877357676293499e+00
4.428508949110806725e+00
4.330952829327924469e+00
4.272995433777776242e+00
4.330122645573349693e+00
4.110257484085597213e+00
4.337295055589801329e+00
4.388077518102176278e+00
4.218331367727132353e+00
4.090698967906134520e+00
4.185980367383820067e+00
3.938282574398529245e+00
3.902361198702975820e+00
3.743189370877176625e+00
4.196098800500657866e+00
4.099433210651761250e+00
3.948114353232234919e+00
3.876823468421780383e+00
4.034762122607190804e+00
4.025011457839076101e+00
3.853687147351959386e+00
3.859532513743409332e+00
3.787970211150194721e+00
3.725147129102527099e+00
3.650710156426610897e+00
3.598194064396503133e+00
3.708868258050468381e+00
3.703435007478488750e+00
3.585691604739337013e+00
3.590973138373517504e+00
4.841857468682142063e+00
4.257923606972126684e+00
4.460714282450158663e+00
4.147513635957949418e+00
4.027425562797075642e+00
3.957666270501074113e+00
3.979777482599614391e+00
3.864056178539561959e+00
4.254611631671917138e+00
4.132934322387930237e+00
4.150183594836962975e+00
4.115533108326561162e+00
3.984160919509287080e+00
3.809931178422462761e+00
3.986558763862869892e+00
3.812545727684469643e+00
3.910437115366254268e+00
3.848240624048389069e+00
3.806335776565063167e+00
3.788261942531753412e+00
3.802022403368271242e+00
3.798054120083938834e+00
3.792786408256727082e+00
3.811909427651934745e+00
3.724866633476830557e+00
3.712959112895664493e+00
3.713942089151071713e+00
3.688576971879919508e+00
3.749943466912953660e+00
3.788768249313904324e+00
3.697032933956139633e+00
3.706506486447243454e+00
4.024328495041662457e+00
4.009729945987532851e+00
3.832117080441230783e+00
3.790928357480409794e+00
3.916836684312757555e+00
3.796328779059987113e+00
3.753857985076077597e+00
3.716695531771711192e+00
3.660412477981862978e+00
3.609060748326046841e+00
3.573222469952308522e+00
3.541718459766927563e+00
3.591481322645049712e+00
3.591639235469660463e+00
3.517407739341957384e+00
3.510091026030291328e+00
3.703329261373816461e+00
3.655788850567685433e+00
3.666513467662605663e+00
3.611602260932471609e+00
3.620300939153036968e+00
3.605067701854594020e+00
3.562992537537886584e+00
3.536638366470779893e+00
3.586305717283420957e+00
3.563550048451284091e+00
3.514129353525528465e+00
3.509216106355179665e+00
3.526051492751192118e+00
3.499670450503447938e+00
3.493967826565067991e+00
3.487780275823075815e+00
3.596876129047197779e+00
3.600733298178003139e+00
3.602193128557957369e+00
3.603277217620620476e+00
3.598899269000528811e+00
3.593467862909082822e+00
3.596376339802628941e+00
3.594959477376342249e+00
3.595664774654260487e+00
3.589980097438178586e+00
3.591102474394448407e+00
3.586311662921405574e+00
3.591999207761055413e+00
3.597951036563503457e+00
3.588543235160398304e+00
3.591170320158730167e+00
3.582845855553782766e+00
3.565390163635788756e+00
3.583620262239396670e+00
3.553247226525686031e+00
3.537882573138451558e+00
3.513725195956880043e+00
3.522441200049517995e+00
3.520427933293935663e+00
3.588959747943114120e+00
3.556032369358804068e+00
3.577942091899494859e+00
3.549524921931347610e+00
3.524482893178326304e+00
3.526665626615395954e+00
3.525099521873092279e+00
3.519318586562263818e+00
3.591488549567583011e+00
3.588634195399388993e+00
3.589307789040782737e+00
3.584096851860593791e+00
3.577957437502400584e+00
3.564344381257181116e+00
3.562480198068883830e+00
3.547059587838654160e+00
3.579075972808436923e+00
3.561697567675269571e+00
3.562652545275064142e+00
3.538348477484911658e+00
3.537425006932565896e+00
3.527252593280168824e+00
3.508436664123006477e+00
3.505194662295287422e+00
3.551304879316358409e+00
3.533691692997892542e+00
3.540654073420076209e+00
3.535555073524745406e+00
3.518139982292312506e+00
3.503053994560737294e+00
3.522011966244400050e+00
3.516544411209341803e+00
3.534136128876090854e+00
3.533747232107725011e+00
3.519959627105382349e+00
3.530218173044612495e+00
3.529989214715006707e+00
3.552005142722324926e+00
3.542714383778026832e+00
3.587480024929726952e+00
3.503259121057326730e+00
3.496077089489716627e+00
3.525005492198673540e+00
3.503436263327042610e+00
3.484328190053469054e+00
3.474602261079909216e+00
3.480488777142496382e+00
3.479877649468832601e+00
3.524728588151873065e+00
3.500424064702499560e+00
3.499675593737229473e+00
3.483182480791338964e+00
3.490705060644630819e+00
3.479113176386315676e+00
3.475049723049331796e+00
3.455653056883469798e+00
3.468383217703008281e+00
3.469995760236008309e+00
3.474933023665887522e+00
3.479774487604218702e+00
3.486098576700713103e+00
3.509461765304811465e+00
3.513315914927504835e+00
3.560644372799824264e+00
3.459253609561686815e+00
3.467559368885694049e+00
3.448923531731045156e+00
3.481913099668130229e+00
3.525811627886559219e+00
3.603088472551606802e+00
3.560349541758890179e+00
3.632042775569293891e+00
3.484130559423560314e+00
3.467101856651242375e+00
3.515712879902846755e+00
3.483811192494684850e+00
3.437091317175298144e+00
3.417380820603761915e+00
3.444389226618233657e+00
3.421427309716949416e+00
3.564091604956214354e+00
3.530142639796898685e+00
3.617395239625440073e+00
3.595524326205691956e+00
3.488893993879478295e+00
3.466019400894051916e+00
3.565808382627845941e+00
3.550418934559032902e+00
3.428888450770508189e+00
3.507530234245690437e+00
3.440103998458281964e+00
3.534470293957176157e+00
3.591717123996430505e+00
3.649235675959950242e+00
3.618859949797990527e+00
3.692310559692747685e+00
3.485671318104107463e+00
3.556534967092471078e+00
3.546056225911371929e+00
3.580285930815465534e+00
3.632102626756388286e+00
3.726286181240090034e+00
3.655400001450527459e+00
3.764474829057838701e+00
3.557544954849362728e+00
3.530134373231295974e+00
3.560497484535193546e+00
3.530514259001755306e+00
3.507364483419031842e+00
3.518618164999161024e+00
3.530722198816463209e+00
3.551372511783638330e+00
3.560587055702513659e+00
3.545292464740594784e+00
3.567272833179602198e+00
3.579294551553799053e+00
3.573452669859432440e+00
3.590874776831034509e+00
3.630835721315538223e+00
3.640747618757685267e+00
3.536212552175866275e+00
3.549566868367521000e+00
3.563320610279162359e+00
3.573514284026706012e+00
3.570612328842076355e+00
3.621082654547327362e+00
3.602247744786235550e+00
3.641962730259603820e+00
3.594974690257253247e+00
3.603890572222068212e+00
3.644128071442136463e+00
3.645273463941721470e+00
3.631679992354672759e+00
3.655596773537575395e+00
3.651709468887945675e+00
3.668332149885707771e+00
3.590503494418194830e+00
3.635580262709021682e+00
3.632761750690155278e+00
3.696026144585506934e+00
3.696789165636250818e+00
3.709794034540827568e+00
3.753164632469751183e+00
3.757154039592625949e+00
3.673547710013213230e+00
3.734910241580507773e+00
3.715348362107950386e+00
3.753403868854037650e+00
3.776576412778854142e+00
3.773413963301706087e+00
3.793862221002338497e+00
3.827735081353813573e+00
3.706402198866860953e+00
3.677919831564428588e+00
3.720556064166427035e+00
3.687067868118472980e+00
3.667671052273111520e+00
3.689779496850995599e+00
3.688416306186226290e+00
3.723227579968775736e+00
3.747113789983047560e+00
3.746887841604682912e+00
3.830086936892079574e+00
3.852146783896926330e+00
3.764846152368861443e+00
3.800689146053907397e+00
3.883018976580756565e+00
3.924487770329085912e+00
3.660151320525095731e+00
3.657842860076147673e+00
3.668719645801919782e+00
3.673299657163993981e+00
3.648985291817936627e+00
3.647549615128868883e+00
3.703104864054471701e+00
3.737628814170323999e+00
3.678592819805706071e+00
3.686836686193312396e+00
3.706173450412483472e+00
3.744455028354087833e+00
3.736817332706481753e+00
3.796523545018910095e+00
3.791311555021518398e+00
3.833711778241745360e+00
3.614291325143180078e+00
3.637762213731522642e+00
3.702843437300578078e+00
3.703672287993595269e+00
3.721613944736525070e+00
3.825183554996000712e+00
3.772603430632324173e+00
3.854335951282871431e+00
3.790906821885891453e+00
3.781357159960617498e+00
3.852124383828188670e+00
3.887339166014165848e+00
3.822534118070657350e+00
3.884984478884630832e+00
3.921941703777962474e+00
3.991268956562586290e+00
3.733086410620706452e+00
3.792670594259848649e+00
3.769896377422876199e+00
3.853155413230500592e+00
3.841568435122800107e+00
3.874491215861186166e+00
3.925249899702339729e+00
3.987326057787908162e+00
3.865750418708716829e+00
3.979084859250895168e+00
4.002437850589838142e+00
4.141071072147673782e+00
4.066795804659932401e+00
4.141033506209638837e+00
4.250524814901831760e+00
4.368193973727104051e+00
3.915815931167670350e+00
4.005740279512107982e+00
4.128600373593809714e+00
4.267226262515502633e+00
4.077793176570032152e+00
4.159649453534816743e+00
4.379452340297044444e+00
4.489914261782891103e+00
4.385767352081114012e+00
4.629153908057468847e+00
4.723124848327276304e+00
5.208039311305572738e+00
4.844610294764430058e+00
5.272593058302859070e+00
5.839107717139829568e+00
6.705956467966952772e+00
3.593556403788093601e+00
3.597346913019723758e+00
3.594117071562327848e+00
3.599969086657509809e+00
3.599737616854404187e+00
3.591624975969386124e+00
3.613080044073701647e+00
3.614914955207366276e+00
3.593672850308121003e+00
3.600493928747845906e+00
3.587479109811906763e+00
3.592109107964048587e+00
3.614906380743789338e+00
3.616071594674451273e+00
3.609679425978673528e+00
3.618619489387243426e+00
3.576545769628464821e+00
3.568620091276475392e+00
3.603431197694380916e+00
3.596250559093725485e+00
3.569181545979761339e+00
3.564593265490187957e+00
3.593384738112136656e+00
3.595964264053832515e+00
3.615514268154672806e+00
3.607981307561847650e+00
3.620046875036752265e+00
3.615402614859879016e+00
3.606078723283459020e+00
3.619018699261948413e+00
3.613285451201259324e+00
3.629713820033903637e+00
3.582797548943605026e+00
3.590325663364203113e+00
3.574984864718261601e+00
3.570493353513891410e+00
3.609239821261401637e+00
3.615918065092107003e+00
3.578802037758993304e+00
3.586099215766211934e+00
3.546792635927676685e+00
3.529954513326261534e+00
3.509088605544069761e+00
3.498053435404995692e+00
3.542325497261603839e+00
3.544836452425141893e+00
3.522240159534950621e+00
3.533449355289803862e+00
3.615626670571824963e+00
3.608687403516035452e+00
3.575186028496281310e+00
3.573124745802517044e+00
3.608686674409007811e+00
3.634632017864124265e+00
3.604236539127032568e+00
3.641481838283886496e+00
3.540663707750586031e+00
3.559524215024127525e+00
3.534405427886094131e+00
3.552866147846865275e+00
3.601427171197719268e+00
3.632408852961627410e+00
3.580944370437612267e+00
3.603513590817050805e+00
3.554322798482040469e+00
3.556710485771219510e+00
3.611431235611755941e+00
3.630452084494354636e+00
3.574975581876822073e+00
3.598248581377958111e+00
3.641157587134598028e+00
3.656156813866477062e+00
3.642664260423946754e+00
3.659766156539123738e+00
3.654036473015827458e+00
3.676502459201995254e+00
3.670616081686306487e+00
3.697277791545656278e+00
3.707540725471151433e+00
3.742477075734358394e+00
3.622682039499474982e+00
3.651848153637633931e+00
3.689913945808342088e+00
3.732664817689590020e+00
3.681176875470082877e+00
3.698844390110484603e+00
3.761823309611586730e+00
3.759159938583392258e+00
3.730211619414406155e+00
3.757474561681447334e+00
3.763455250106267691e+00
3.776484767066834447e+00
3.784534419620833035e+00
3.789011938509394994e+00
3.795419152042168509e+00
3.798533345416133411e+00
3.667303217996519926e+00
3.708987141159450385e+00
3.677491521244469208e+00
3.727754039498378358e+00
3.753161656848877481e+00
3.794409435946834108e+00
3.786752076902942576e+00
3.838328983991975196e+00
3.663911746197944463e+00
3.723101008502244458e+00
3.648502507431016895e+00
3.715925544293044780e+00
3.798991344616690746e+00
3.838370044715730955e+00
3.760305614739178459e+00
3.781658626176234161e+00
3.810593313698358298e+00
3.822707268603334541e+00
3.862076061768542345e+00
3.875796435076751312e+00
3.822146236917733475e+00
3.817494766759856883e+00
3.854561839804159451e+00
3.815220033971378655e+00
3.861669042074456826e+00
3.874713755558737205e+00
3.805649709643434075e+00
3.828790057018280457e+00
3.856509489973198868e+00
3.813699387661722451e+00
3.850218987047980601e+00
3.857551639197144056e+00
3.485027077782421934e+00
3.486078657181407081e+00
3.477583467718894372e+00
3.478604626558368995e+00
3.518932835927007563e+00
3.529602349579053389e+00
3.513671886403818778e+00
3.517330631830834164e+00
3.468061920472173654e+00
3.474535403869232653e+00
3.461182392833428878e+00
3.486052875456107536e+00
3.513154281127881973e+00
3.513474201583061785e+00
3.508463916912183844e+00
3.512498927157095885e+00
3.520848038024983584e+00
3.533580631102466452e+00
3.511997395182710591e+00
3.536876967756852341e+00
3.556393914154724722e+00
3.586991328374995458e+00
3.567860415871979107e+00
3.596125527058864790e+00
3.527686572752246619e+00
3.559532305254021978e+00
3.550056609619178349e+00
3.564571032173013077e+00
3.584020495875769097e+00
3.606823535667451619e+00
3.580909693409383809e+00
3.620904785900494360e+00
3.463496079955433071e+00
3.488316926739453816e+00
3.465968431627975743e+00
3.475596153736371097e+00
3.495475393444979595e+00
3.527784031176547597e+00
3.503854275786666861e+00
3.541898832292440069e+00
3.469469452579271529e+00
3.479816872555504315e+00
3.482702470093783198e+00
3.505040704251626060e+00
3.527148559195894872e+00
3.562412449581136897e+00
3.551936901150511972e+00
3.597945661450860921e+00
3.554581985338044703e+00
3.561039356023045332e+00
3.556844606763752914e+00
3.590332544296104267e+00
3.594567038803338388e+00
3.634232115259611096e+00
3.635242208780519402e+00
3.656959171071016090e+00
3.596184198665056009e+00
3.643213120975126618e+00
3.645003426627738907e+00
3.679054588377847157e+00
3.678845604654440660e+00
3.688519440123074755e+00
3.705406739502291380e+00
3.705141183667903348e+00
3.640418236812373198e+00
3.683615708304226466e+00
3.629614968272677267e+00
3.661300941223510907e+00
3.714993272081783537e+00
3.753146535643261394e+00
3.696182179691197778e+00
3.754275963874103006e+00
3.637192135827049366e+00
3.670562823429414312e+00
3.653671028507871288e+00
3.671992611396994732e+00
3.692092910628130831e+00
3.759385368656365856e+00
3.704590215508516859e+00
3.790391617805004998e+00
3.782990128683761277e+00
3.810459593321615213e+00
3.802684204676789914e+00
3.825975988230552627e+00
3.854782534223060608e+00
3.896682560193710732e+00
3.869157436749047552e+00
3.923680297557903707e+00
3.831788372606460769e+00
3.866604740254607098e+00
3.875418480986860370e+00
3.932423368147609288e+00
3.917259253688648801e+00
3.995818044433747662e+00
4.003049960982567157e+00
4.098337418348104499e+00
3.648524126750158025e+00
3.679103909608745226e+00
3.675867212041609378e+00
3.712156604438532348e+00
3.733603291340644947e+00
3.813537373208234715e+00
3.758795163410543871e+00
3.830969071881586085e+00
3.704617024434336159e+00
3.737855697362220564e+00
3.701647078903693266e+00
3.733802642411717443e+00
3.792531094366280886e+00
3.883169620843213821e+00
3.839335402136773823e+00
3.983933065064700685e+00
3.898968272351948983e+00
3.981421031552803136e+00
3.923336609901519001e+00
4.013551949010419229e+00
4.056220089004883178e+00
4.173191364049804619e+00
4.089652285754207917e+00
4.266751789147580354e+00
3.984891530408579463e+00
4.063887444278569738e+00
4.109526537043147520e+00
4.223371045165269067e+00
4.192394111004131396e+00
4.481986187087265705e+00
4.474534849173562812e+00
4.970971728379496746e+00
3.589932869147060224e+00
3.592125702895756056e+00
3.593002810149390935e+00
3.594947691860671757e+00
3.597430860004126263e+00
3.599272778058328903e+00
3.602261080187228792e+00
3.595564434867220882e+00
3.588720677272080550e+00
3.593591926951357429e+00
3.578765718218863690e+00
3.583193050729196028e+00
3.599965758082559031e+00
3.585283903644353121e+00
3.579157338554393331e+00
3.564528965883389411e+00
3.584387161895476126e+00
3.568437475637640244e+00
3.577896820135015421e+00
3.570263796352214136e+00
3.567732821440337876e+00
3.572432962923793198e+00
3.563962093590304914e+00
3.556808712551638330e+00
3.566819283786228034e+00
3.557969237395256723e+00
3.553592803302750625e+00
3.545667654672694180e+00
3.547724526181327054e+00
3.556245504142482972e+00
3.573006740703184470e+00
3.639892860343937553e+00
3.567516085324029085e+00
3.564679431718229541e+00
3.559169673763766806e+00
3.550051440353587662e+00
3.559814074193136779e+00
3.549620870548257479e+00
3.548708129634322805e+00
3.538567858521961984e+00
3.554638867684940529e+00
3.543235437585081193e+00
3.542811381586890906e+00
3.529957009317514771e+00
3.538349100614787801e+00
3.524430710027153246e+00
3.524110521468317270e+00
3.509772787048768272e+00
3.542211914739040957e+00
3.538019376321067000e+00
3.532126080687790992e+00
3.524899529656274400e+00
3.549051929052822185e+00
3.553890981842447783e+00
3.509501419950897372e+00
3.501987424216379985e+00
3.519546071056184111e+00
3.511437190048346313e+00
3.511899709955981663e+00
3.507509664775333658e+00
3.505704695518304881e+00
3.511828767465273504e+00
3.511359057840749198e+00
3.526199263880810175e+00
3.578530659305578787e+00
3.584617016937992062e+00
3.555280076332269612e+00
3.560027705442438961e+00
3.587912385932632731e+00
3.584993074400594004e+00
3.563281311014041997e+00
3.571556463942610726e+00
3.555645086136343558e+00
3.544466153890311944e+00
3.568631938428913131e+00
3.529169489792486569e+00
3.549565746035370228e+00
3.569832879300799622e+00
3.550368319852542864e+00
3.580082663133204779e+00
3.588114355774676856e+00
3.591689022455661018e+00
3.586115870387206250e+00
3.601026093949837303e+00
3.587590794782406611e+00
3.576070826171393158e+00
3.603830759026736885e+00
3.586021422066207442e+00
3.591637715677989728e+00
3.608393633667804856e+00
3.597511334229561708e+00
3.624316723293682596e+00
3.607412993280431301e+00
3.603091591148387174e+00
3.633244914982709961e+00
3.626026034370676054e+00
3.515144082903317813e+00
3.520959638818895954e+00
3.508855080858723330e+00
3.533168732359656339e+00
3.555721889305743844e+00
3.581488622197373406e+00
3.557833188953863690e+00
3.582306347406203795e+00
3.530562172993747527e+00
3.546588515616047932e+00
3.547554070968272466e+00
3.559847163253358371e+00
3.558894055446648164e+00
3.579201806828602894e+00
3.558565396570212869e+00
3.563015886800669829e+00
3.605371908465563990e+00
3.657704618591985479e+00
3.603613389686346924e+00
3.616825481520326235e+00
3.656414954739001910e+00
3.640985288283756560e+00
3.629222474305898061e+00
3.642832987860620708e+00
3.590087120709626767e+00
3.593467480475941223e+00
3.569769868200005636e+00
3.582150687866401562e+00
3.618585077863412547e+00
3.648366125849308972e+00
3.605928422744618445e+00
3.648081445678794665e+00
3.522712547945997308e+00
3.521143060779582612e+00
3.510501652453864807e+00
3.524478682757728798e+00
3.524248385251803839e+00
3.508074652758673473e+00
3.531454936505515008e+00
3.513076218881326263e+00
3.519094048760418314e+00
3.532695612402840357e+00
3.547046997836083015e+00
3.538297488755353104e+00
3.530035555101035616e+00
3.512771403673698334e+00
3.519973702425606366e+00
3.502251713537119837e+00
3.515132748056726708e+00
3.509194742467058425e+00
3.508023175394228144e+00
3.491523340066039260e+00
3.509124853557275436e+00
3.522209832423714548e+00
3.497302042363732433e+00
3.517354139627816068e+00
3.492220014338079714e+00
3.478558804901203505e+00
3.482421369656518717e+00
3.476728838387211695e+00
3.491873584278746723e+00
3.515362287705690481e+00
3.495664594433457673e+00
3.528737976011547151e+00
3.570986969454276849e+00
3.535258543535104270e+00
3.580333121365982141e+00
3.542516976019959962e+00
3.518912421725408635e+00
3.503836956739902586e+00
3.546989013540231550e+00
3.534203759929325450e+00
3.595208545757881957e+00
3.579646902172884726e+00
3.632694136665035156e+00
3.647901686685440126e+00
3.607393545294194315e+00
3.582992831110749510e+00
3.670417327746897662e+00
3.645735477028391180e+00
3.490464501682044585e+00
3.486934426583969238e+00
3.512090901806676158e+00
3.506451914875457376e+00
3.497119845050919107e+00
3.550506348827284775e+00
3.512236501027085289e+00
3.580469056811582451e+00
3.558072799304299316e+00
3.555944431307890063e+00
3.638346761306782362e+00
3.642751267977083707e+00
3.569199737522782634e+00
3.661967062590080424e+00
3.646972816004812934e+00
3.721762132682677304e+00
3.541486967658071361e+00
3.546749379107442035e+00
3.536548195234391123e+00
3.533514094098301861e+00
3.544557672747901567e+00
3.549221485510012375e+00
3.533925035507793577e+00
3.544377664381111348e+00
3.534645327924066383e+00
3.537638576378973276e+00
3.553836930247216586e+00
3.556247268532158667e+00
3.538034789946783665e+00
3.548049451567933499e+00
3.563623230285489552e+00
3.584124517291880085e+00
3.557953074139051708e+00
3.562539284338219314e+00
3.545176025484889859e+00
3.537941372990609068e+00
3.586470242895805516e+00
3.646547347079888812e+00
3.575651720121507005e+00
3.659030101821668879e+00
3.555075029278817578e+00
3.559364882092372451e+00
3.605468770256080813e+00
3.628886622833213504e+00
3.618461337399320854e+00
3.718376581802750547e+00
3.698905114918952020e+00
3.816192981074311597e+00
3.601467378622741577e+00
3.615659950180536431e+00
3.699994279892153237e+00
3.745684467114221761e+00
3.622575432524085759e+00
3.642213550353902374e+00
3.728772445133762492e+00
3.726538543889880373e+00
3.950678096154611740e+00
4.032716670734390441e+00
3.982086225816092284e+00
4.111317742221909377e+00
3.853123842828885426e+00
3.805716428210143221e+00
3.939044093549815884e+00
3.871266003992443139e+00
3.668861246668750464e+00
3.721999906365016209e+00
3.747627241358562955e+00
3.799580179264049118e+00
3.801541265960715510e+00
3.911525914493516165e+00
3.883921413133704093e+00
4.027870679050225000e+00
3.832648152714944967e+00
3.902125793741607840e+00
3.929121792665344337e+00
4.033971206324104664e+00
4.018443095164265344e+00
4.166840424472596283e+00
4.174945880013377852e+00
4.287213062414898523e+00
3.586035839776111622e+00
3.589155541178823849e+00
3.585774879988169239e+00
3.590939062140884541e+00
3.590887087866527327e+00
3.588639501127723896e+00
3.585590546294068037e+00
3.583247257934149665e+00
3.590091819412656537e+00
3.594430578460005687e+00
3.589525254199816828e+00
3.581368797612082489e+00
3.589512789408756177e+00
3.582350101448804836e+00
3.576780430548516243e+00
3.569453028525224614e+00
3.585611540569975553e+00
3.585058521249380181e+00
3.584723601425971129e+00
3.589101853520487495e+00
3.586234553719727991e+00
3.580431607623840939e+00
3.592682870806716444e+00
3.588494645970854879e+00
3.582612031066767511e+00
3.583967632007347248e+00
3.570807894444282038e+00
3.576688848128714682e+00
3.587199953859174339e+00
3.584672506200702546e+00
3.583118616041449211e+00
3.578556697989816904e+00
3.575643675838387825e+00
3.557967200876679836e+00
3.561236018091979982e+00
3.552320880413140536e+00
3.558476405423634414e+00
3.562845349549837781e+00
3.555348365159920032e+00
3.558955963818189794e+00
3.562938884031163767e+00
3.560847662957244086e+00
3.574234804924086184e+00
3.570547902515862404e+00
3.557125406276612001e+00
3.555476644965048116e+00
3.563522363980905272e+00
3.562282657566239852e+00
3.568083353881872810e+00
3.574391930629447600e+00
3.565356567721363223e+00
3.577199179657907901e+00
3.577441602830620404e+00
3.570586668368203043e+00
3.579998870441348569e+00
3.568392323485075845e+00
3.561952529252361277e+00
3.579835893680442638e+00
3.570974139059560848e+00
3.585748191448362654e+00
3.584568654910555985e+00
3.582517874155818571e+00
3.595726545196342716e+00
3.594386351389456724e+00
3.573858130147275602e+00
3.573304119529257417e+00
3.582904358001033795e+00
3.584050272705365359e+00
3.574625466854324696e+00
3.584232005271986488e+00
3.595718299715590316e+00
3.618224301604941573e+00
3.582167522909310176e+00
3.591245811782289188e+00
3.577310274106689114e+00
3.588052947081835864e+00
3.608125334005759743e+00
3.632666623149446661e+00
3.611683278701202759e+00
3.651582419604984420e+00
3.607088877109895009e+00
3.643340902880962684e+00
3.648754085102797085e+00
3.690876772558906449e+00
3.686580852764006710e+00
3.739170196547253688e+00
3.740995396425491393e+00
3.793441156383257962e+00
3.669910334415970699e+00
3.712953403715594902e+00
3.696327388406502212e+00
3.744845059401311627e+00
3.763864114387363013e+00
3.818664538345929227e+00
3.809690103201021305e+00
3.887973858772094005e+00
3.567835674427335846e+00
3.584308721595120595e+00
3.572497317166270392e+00
3.601118275859859885e+00
3.621054086555763440e+00
3.671503487020862266e+00
3.637990165160988276e+00
3.696127676220656078e+00
3.593516715046618515e+00
3.621928108705188443e+00
3.603279268373571487e+00
3.628660924692650447e+00
3.646894005751735168e+00
3.694530462150134031e+00
3.646580777314330390e+00
3.674176365108471565e+00
3.728784926684238332e+00
3.779449727507899759e+00
3.740633333397072491e+00
3.778613885475069267e+00
3.854165671878673205e+00
3.934418003484226656e+00
3.861434956259911289e+00
3.958922682532579174e+00
3.726349979306546878e+00
3.777025522266523438e+00
3.719319626301118564e+00
3.811412437898046957e+00
3.892179875487636664e+00
4.045436602710422491e+00
3.964286452606009092e+00
4.147634825375088319e+00
3.586744554331049883e+00
3.576381158748990430e+00
3.594104551455263419e+00
3.594621950032963476e+00
3.581028629493979487e+00
3.580258565090156608e+00
3.594568444452394207e+00
3.579175432163590909e+00
3.605201374590675023e+00
3.607541817481372703e+00
3.603615407241176349e+00
3.581410815962472238e+00
3.577025421510775960e+00
3.559623838148157304e+00
3.542090864379648707e+00
3.548589377916912202e+00
3.589893285606593043e+00
3.624630495346107928e+00
3.618167989458843881e+00
3.721346279222722320e+00
3.626068127203127212e+00
3.603789071337789363e+00
3.655084528001614430e+00
3.617291627952027966e+00
3.627295975115621740e+00
3.680562335741178082e+00
3.600375896639966822e+00
3.620042641753537627e+00
3.623582542248017013e+00
3.619013617368212365e+00
3.622492582466308786e+00
3.625222560012733020e+00
3.585374739447221959e+00
3.545665679838826634e+00
3.569089309800764109e+00
3.542465980048211893e+00
3.532052718652356926e+00
3.562194632654725801e+00
3.561303763026451463e+00
3.609796130779962642e+00
3.558900837877878587e+00
3.571050396577338581e+00
3.559080175105757693e+00
3.601917665961278825e+00
3.639282817434096540e+00
3.723914548024737314e+00
3.794570527200053167e+00
3.938483925861621326e+00
3.615227049647054880e+00
3.632073376279913557e+00
3.652878673973419144e+00
3.643290990731845813e+00
3.625875587574931114e+00
3.620036400439007096e+00
3.629904484092568939e+00
3.617148668511942500e+00
3.692825615977862075e+00
3.652178976474699024e+00
3.740448868185208386e+00
3.660607824764951612e+00
3.645531476594713993e+00
3.624208263458417623e+00
3.663474263902733785e+00
3.646919180335246757e+00
3.612047923322239562e+00
3.638566310919521651e+00
3.638045066480915857e+00
3.675534108960013757e+00
3.671247622384455678e+00
3.707046788907292889e+00
3.735841338244934029e+00
3.818706715490434167e+00
3.641796161214802208e+00
3.699498251586359476e+00
3.636979690290323308e+00
3.675019391208833586e+00
3.808560766749178317e+00
3.915818629577239030e+00
3.778741633613369011e+00
3.868128330097591494e+00
3.768618352904490543e+00
3.894376677717334978e+00
3.903261391071663589e+00
4.006452873738833631e+00
4.078797834125660771e+00
4.239586156794764804e+00
4.153536838211424609e+00
4.294368825883830176e+00
3.958370058605347630e+00
4.031296927187224988e+00
3.892872089576612904e+00
3.972997114250402362e+00
4.182675463270805416e+00
4.367550933879821073e+00
4.183596663266039073e+00
4.481620847903224458e+00
3.617467125471339084e+00
3.646487559932537703e+00
3.615737490919308073e+00
3.644291355718894732e+00
3.734506329859103246e+00
3.817682588589129900e+00
3.722405255536710644e+00
3.821970629216310478e+00
3.624289063798004751e+00
3.657979755176624881e+00
3.653113013668368936e+00
3.692296226852307850e+00
3.741652525936439044e+00
3.882238844431587843e+00
3.789916873323000868e+00
3.967226063506722689e+00
3.869027120791520336e+00
3.976961259052428588e+00
3.922126572833823044e+00
4.071841002081391103e+00
4.226002524543924110e+00
4.620346976639207348e+00
4.375935659722036242e+00
4.920401472197155179e+00
4.040889985323540934e+00
4.297506558713052094e+00
4.206205999487106162e+00
4.676948096595878290e+00
4.737423651162130156e+00
5.658188341325388393e+00
5.619339732764236039e+00
7.080521796621284558e+00
