0.000000000000000000e+00 7.500000000000000000e-01 2.269999999999999929e+01
0.000000000000000000e+00 1.575000000000000000e+01 2.469999999999999929e+01
0.000000000000000000e+00 3.074999999999999645e+01 2.500000000000000000e+01
0.000000000000000000e+00 4.575000000000000000e+01 2.160000000000000142e+01
0.000000000000000000e+00 6.075000000000000000e+01 1.839999999999999858e+01
0.000000000000000000e+00 7.575000000000000000e+01 2.219999999999999929e+01
0.000000000000000000e+00 9.075000000000000000e+01 2.989999999999999858e+01
0.000000000000000000e+00 1.005000000000000000e+02 3.439999999999999858e+01
0.000000000000000000e+00 1.105000000000000000e+02 2.439999999999999858e+01
0.000000000000000000e+00 1.195000000000000000e+02 1.939999999999999858e+01
0.000000000000000000e+00 1.304999999999999716e+02 1.610000000000000142e+01
0.000000000000000000e+00 1.400000000000000000e+02 1.550000000000000000e+01
0.000000000000000000e+00 1.512500000000000000e+02 1.639999999999999858e+01
0.000000000000000000e+00 1.600000000000000000e+02 1.789999999999999858e+01
0.000000000000000000e+00 1.702500000000000000e+02 1.900000000000000000e+01
0.000000000000000000e+00 1.817500000000000000e+02 2.250000000000000000e+01
0.000000000000000000e+00 1.905000000000000000e+02 2.760000000000000142e+01
0.000000000000000000e+00 2.025000000000000000e+02 2.330000000000000071e+01
0.000000000000000000e+00 2.110000000000000000e+02 2.469999999999999929e+01
0.000000000000000000e+00 2.207500000000000000e+02 2.810000000000000142e+01
0.000000000000000000e+00 2.302500000000000000e+02 2.889999999999999858e+01
0.000000000000000000e+00 2.340000000000000000e+02 2.930000000000000071e+01
0.000000000000000000e+00 2.407500000000000000e+02 3.210000000000000142e+01
0.000000000000000000e+00 2.482500000000000000e+02 3.970000000000000284e+01
0.000000000000000000e+00 2.530000000000000000e+02 4.350000000000000000e+01
0.000000000000000000e+00 2.602500000000000568e+02 5.100000000000000000e+01
0.000000000000000000e+00 2.660000000000000000e+02 6.600000000000000000e+01
0.000000000000000000e+00 2.722499999999999432e+02 1.000000000000000000e+02
0.000000000000000000e+00 2.777500000000000000e+02 1.570000000000000000e+02
0.000000000000000000e+00 2.844999999999999432e+02 1.500000000000000000e+02
0.000000000000000000e+00 2.902500000000000568e+02 8.370000000000000284e+01
0.000000000000000000e+00 2.965000000000000000e+02 4.989999999999999858e+01
0.000000000000000000e+00 3.032499999999999432e+02 3.900000000000000000e+01
0.000000000000000000e+00 3.157500000000000000e+02 3.100000000000000000e+01
0.000000000000000000e+00 3.307500000000000000e+02 2.150000000000000000e+01
0.000000000000000000e+00 3.457500000000000000e+02 2.310000000000000142e+01
2.500000000000000000e+01 1.735000000000000000e+02 2.000000000000000000e+01
2.500000000000000000e+01 1.832500000000000000e+02 2.030000000000000071e+01
2.500000000000000000e+01 1.880000000000000000e+02 2.010000000000000142e+01
2.500000000000000000e+01 1.947500000000000000e+02 1.960000000000000142e+01
2.500000000000000000e+01 1.987500000000000000e+02 2.180000000000000071e+01
2.500000000000000000e+01 2.070000000000000000e+02 2.419999999999999929e+01
2.500000000000000000e+01 2.152500000000000000e+02 2.750000000000000000e+01
2.500000000000000000e+01 2.262500000000000000e+02 3.250000000000000000e+01
2.500000000000000000e+01 2.345000000000000000e+02 3.470000000000000284e+01
2.500000000000000000e+01 2.445000000000000000e+02 3.539999999999999858e+01
3.000000000000000000e+01 1.300000000000000000e+01 2.439999999999999858e+01
3.000000000000000000e+01 2.800000000000000000e+01 2.269999999999999929e+01
3.000000000000000000e+01 4.325000000000000000e+01 2.969999999999999929e+01
3.000000000000000000e+01 5.800000000000000000e+01 2.700000000000000000e+01
3.000000000000000000e+01 7.300000000000001421e+01 3.700000000000000000e+01
3.000000000000000000e+01 8.800000000000000000e+01 3.560000000000000142e+01
3.000000000000000000e+01 9.425000000000000000e+01 3.220000000000000284e+01
3.000000000000000000e+01 1.040000000000000000e+02 2.919999999999999929e+01
3.000000000000000000e+01 1.137500000000000000e+02 2.450000000000000000e+01
3.000000000000000000e+01 1.247500000000000000e+02 2.039999999999999858e+01
3.000000000000000000e+01 1.342499999999999716e+02 1.750000000000000000e+01
3.000000000000000000e+01 1.447500000000000000e+02 1.680000000000000071e+01
3.000000000000000000e+01 1.542500000000000000e+02 1.789999999999999858e+01
3.000000000000000000e+01 1.650000000000000000e+02 1.860000000000000142e+01
3.000000000000000000e+01 1.747500000000000000e+02 2.030000000000000071e+01
3.000000000000000000e+01 1.850000000000000000e+02 1.980000000000000071e+01
3.000000000000000000e+01 1.895000000000000000e+02 1.980000000000000071e+01
3.000000000000000000e+01 1.980000000000000000e+02 2.000000000000000000e+01
3.000000000000000000e+01 2.082500000000000000e+02 2.239999999999999858e+01
3.000000000000000000e+01 2.167500000000000000e+02 2.450000000000000000e+01
3.000000000000000000e+01 2.277500000000000000e+02 2.589999999999999858e+01
3.000000000000000000e+01 2.360000000000000000e+02 2.780000000000000071e+01
3.000000000000000000e+01 2.400000000000000000e+02 2.869999999999999929e+01
3.000000000000000000e+01 2.462500000000000000e+02 2.950000000000000000e+01
3.000000000000000000e+01 2.557500000000000000e+02 3.160000000000000142e+01
3.000000000000000000e+01 2.640000000000000568e+02 3.260000000000000142e+01
3.000000000000000000e+01 2.712500000000000000e+02 3.689999999999999858e+01
3.000000000000000000e+01 2.790000000000000568e+02 4.229999999999999716e+01
3.000000000000000000e+01 2.844999999999999432e+02 4.500000000000000000e+01
3.000000000000000000e+01 2.902500000000000568e+02 5.070000000000000284e+01
3.000000000000000000e+01 2.967500000000000568e+02 6.790000000000000568e+01
3.000000000000000000e+01 3.027500000000000000e+02 6.590000000000000568e+01
3.000000000000000000e+01 3.130000000000000000e+02 4.639999999999999858e+01
3.000000000000000000e+01 3.280000000000000000e+02 3.119999999999999929e+01
3.000000000000000000e+01 3.430000000000000000e+02 2.469999999999999929e+01
3.000000000000000000e+01 3.582500000000000000e+02 2.700000000000000000e+01
5.000000000000000000e+00 1.830000000000000000e+02 2.030000000000000071e+01
5.000000000000000000e+00 1.920000000000000000e+02 2.660000000000000142e+01
5.000000000000000000e+00 2.037500000000000000e+02 2.380000000000000071e+01
5.000000000000000000e+00 2.117500000000000000e+02 2.419999999999999929e+01
5.000000000000000000e+00 2.220000000000000000e+02 2.919999999999999929e+01
5.000000000000000000e+00 2.315000000000000000e+02 3.320000000000000284e+01
5.000000000000000000e+00 2.420000000000000000e+02 3.900000000000000000e+01
5.000000000000000000e+00 2.485000000000000000e+02 4.250000000000000000e+01
5.000000000000000000e+00 2.544999999999999716e+02 4.920000000000000284e+01
5.000000000000000000e+00 2.609999999999999432e+02 5.589999999999999858e+01
5.000000000000000000e+00 2.740000000000000000e+02 7.690000000000000568e+01
5.200000000000000000e+01 4.500000000000000000e+00 3.879999999999999716e+01
5.200000000000000000e+01 1.950000000000000000e+01 3.810000000000000142e+01
5.200000000000000000e+01 3.449999999999999289e+01 4.000000000000000000e+01
5.200000000000000000e+01 4.950000000000000000e+01 4.870000000000000284e+01
5.200000000000000000e+01 6.450000000000000000e+01 4.839999999999999858e+01
5.200000000000000000e+01 7.950000000000000000e+01 3.910000000000000142e+01
5.200000000000000000e+01 8.900000000000000000e+01 3.429999999999999716e+01
5.200000000000000000e+01 9.450000000000000000e+01 3.160000000000000142e+01
5.200000000000000000e+01 1.037500000000000000e+02 2.930000000000000071e+01
5.200000000000000000e+01 1.190000000000000000e+02 2.489999999999999858e+01
5.200000000000000000e+01 1.337500000000000000e+02 2.169999999999999929e+01
5.200000000000000000e+01 1.492499999999999716e+02 1.889999999999999858e+01
5.200000000000000000e+01 1.637500000000000000e+02 1.869999999999999929e+01
5.200000000000000000e+01 1.787500000000000000e+02 2.050000000000000000e+01
5.200000000000000000e+01 1.945000000000000000e+02 1.980000000000000071e+01
5.200000000000000000e+01 2.087500000000000000e+02 2.030000000000000071e+01
5.200000000000000000e+01 2.245000000000000000e+02 2.039999999999999858e+01
5.200000000000000000e+01 2.412500000000000000e+02 2.419999999999999929e+01
5.200000000000000000e+01 2.570000000000000000e+02 2.500000000000000000e+01
5.200000000000000000e+01 2.712500000000000000e+02 2.839999999999999858e+01
5.200000000000000000e+01 2.857500000000000000e+02 3.589999999999999858e+01
5.200000000000000000e+01 3.012500000000000000e+02 4.650000000000000000e+01
5.200000000000000000e+01 3.059999999999999432e+02 5.050000000000000000e+01
5.200000000000000000e+01 3.192500000000000568e+02 6.520000000000000284e+01
5.200000000000000000e+01 3.342500000000000568e+02 4.789999999999999858e+01
5.200000000000000000e+01 3.500000000000000000e+02 3.839999999999999858e+01
6.000000000000000000e+01 8.500000000000000000e+00 5.610000000000000142e+01
6.000000000000000000e+01 2.350000000000000000e+01 5.470000000000000284e+01
6.000000000000000000e+01 3.849999999999999289e+01 5.850000000000000000e+01
6.000000000000000000e+01 5.350000000000000000e+01 5.110000000000000142e+01
6.000000000000000000e+01 6.850000000000000000e+01 4.279999999999999716e+01
6.000000000000000000e+01 8.350000000000000000e+01 3.570000000000000284e+01
6.000000000000000000e+01 9.250000000000000000e+01 3.339999999999999858e+01
6.000000000000000000e+01 9.875000000000000000e+01 3.100000000000000000e+01
6.000000000000000000e+01 1.075000000000000000e+02 2.880000000000000071e+01
6.000000000000000000e+01 1.225000000000000000e+02 2.660000000000000142e+01
6.000000000000000000e+01 1.375000000000000000e+02 2.439999999999999858e+01
6.000000000000000000e+01 1.525000000000000000e+02 2.260000000000000142e+01
6.000000000000000000e+01 1.675000000000000000e+02 2.119999999999999929e+01
6.000000000000000000e+01 1.830000000000000000e+02 2.180000000000000071e+01
6.000000000000000000e+01 1.985000000000000000e+02 2.039999999999999858e+01
6.000000000000000000e+01 2.130000000000000000e+02 2.110000000000000142e+01
6.000000000000000000e+01 2.275000000000000000e+02 2.269999999999999929e+01
6.000000000000000000e+01 2.437500000000000000e+02 2.550000000000000000e+01
6.000000000000000000e+01 2.600000000000000000e+02 2.739999999999999858e+01
6.000000000000000000e+01 2.745000000000000000e+02 3.279999999999999716e+01
6.000000000000000000e+01 2.887500000000000000e+02 3.429999999999999716e+01
6.000000000000000000e+01 3.035000000000000000e+02 3.479999999999999716e+01
6.000000000000000000e+01 3.087500000000000000e+02 3.760000000000000142e+01
6.000000000000000000e+01 3.235000000000000000e+02 4.850000000000000000e+01
6.000000000000000000e+01 3.385000000000000000e+02 7.120000000000000284e+01
6.000000000000000000e+01 3.537500000000000000e+02 9.800000000000000000e+01
7.000000000000000000e+01 1.150000000000000000e+01 4.779999999999999716e+01
7.000000000000000000e+01 2.650000000000000000e+01 4.610000000000000142e+01
7.000000000000000000e+01 4.150000000000000000e+01 4.260000000000000142e+01
7.000000000000000000e+01 5.650000000000000000e+01 3.750000000000000000e+01
7.000000000000000000e+01 7.150000000000000000e+01 3.360000000000000142e+01
7.000000000000000000e+01 8.650000000000000000e+01 3.100000000000000000e+01
7.000000000000000000e+01 1.015000000000000000e+02 2.760000000000000142e+01
7.000000000000000000e+01 1.110000000000000000e+02 2.569999999999999929e+01
7.000000000000000000e+01 1.260000000000000000e+02 2.330000000000000071e+01
7.000000000000000000e+01 1.710000000000000000e+02 2.330000000000000071e+01
7.000000000000000000e+01 1.862500000000000000e+02 2.350000000000000000e+01
7.000000000000000000e+01 2.012500000000000000e+02 2.289999999999999858e+01
7.000000000000000000e+01 2.162500000000000000e+02 2.310000000000000142e+01
7.000000000000000000e+01 2.315000000000000000e+02 2.519999999999999929e+01
7.000000000000000000e+01 2.462500000000000000e+02 2.650000000000000000e+01
7.000000000000000000e+01 2.619999999999999432e+02 2.760000000000000142e+01
7.000000000000000000e+01 2.762500000000000000e+02 2.930000000000000071e+01
7.000000000000000000e+01 2.895000000000000000e+02 3.019999999999999929e+01
7.000000000000000000e+01 3.062500000000000000e+02 3.289999999999999858e+01
7.000000000000000000e+01 3.115000000000000000e+02 3.379999999999999716e+01
7.000000000000000000e+01 3.265000000000000000e+02 3.760000000000000142e+01
7.000000000000000000e+01 3.415000000000000000e+02 4.260000000000000142e+01
7.000000000000000000e+01 3.565000000000000000e+02 4.620000000000000284e+01
8.000000000000000000e+01 1.300000000000000000e+01 3.339999999999999858e+01
8.000000000000000000e+01 4.300000000000000000e+01 3.189999999999999858e+01
8.000000000000000000e+01 7.300000000000001421e+01 2.700000000000000000e+01
8.000000000000000000e+01 1.030000000000000000e+02 2.380000000000000071e+01
8.000000000000000000e+01 1.287500000000000000e+02 2.239999999999999858e+01
8.000000000000000000e+01 1.587500000000000000e+02 2.219999999999999929e+01
8.000000000000000000e+01 1.887500000000000000e+02 2.230000000000000071e+01
8.000000000000000000e+01 2.187500000000000000e+02 2.260000000000000142e+01
8.000000000000000000e+01 2.487500000000000000e+02 2.300000000000000000e+01
8.000000000000000000e+01 2.787500000000000000e+02 2.569999999999999929e+01
8.000000000000000000e+01 3.087500000000000000e+02 2.880000000000000071e+01
8.000000000000000000e+01 3.430000000000000000e+02 3.110000000000000142e+01
-1.000000000000000000e+01 1.350000000000000000e+01 2.560000000000000142e+01
-1.000000000000000000e+01 2.850000000000000000e+01 2.369999999999999929e+01
-1.000000000000000000e+01 4.350000000000000000e+01 1.980000000000000071e+01
-1.000000000000000000e+01 5.850000000000000000e+01 1.800000000000000000e+01
-1.000000000000000000e+01 7.350000000000001421e+01 1.800000000000000000e+01
-1.000000000000000000e+01 8.850000000000000000e+01 2.500000000000000000e+01
-1.000000000000000000e+01 9.800000000000000000e+01 3.050000000000000000e+01
-1.000000000000000000e+01 1.080000000000000000e+02 3.250000000000000000e+01
-1.000000000000000000e+01 1.180000000000000000e+02 2.430000000000000071e+01
-1.000000000000000000e+01 1.287500000000000000e+02 1.939999999999999858e+01
-1.000000000000000000e+01 1.377500000000000000e+02 1.800000000000000000e+01
-1.000000000000000000e+01 1.477500000000000000e+02 1.900000000000000000e+01
-1.000000000000000000e+01 1.582500000000000284e+02 1.969999999999999929e+01
-1.000000000000000000e+01 1.675000000000000000e+02 2.030000000000000071e+01
-1.000000000000000000e+01 1.797500000000000000e+02 2.330000000000000071e+01
-1.000000000000000000e+01 1.882500000000000000e+02 2.610000000000000142e+01
-1.000000000000000000e+01 2.000000000000000000e+02 2.519999999999999929e+01
-1.000000000000000000e+01 2.085000000000000000e+02 2.669999999999999929e+01
-1.000000000000000000e+01 2.185000000000000000e+02 3.000000000000000000e+01
-1.000000000000000000e+01 2.262500000000000000e+02 3.379999999999999716e+01
-1.000000000000000000e+01 2.385000000000000000e+02 3.589999999999999858e+01
-1.000000000000000000e+01 2.465000000000000000e+02 4.029999999999999716e+01
-1.000000000000000000e+01 2.515000000000000000e+02 4.150000000000000000e+01
-1.000000000000000000e+01 2.575000000000000000e+02 5.200000000000000000e+01
-1.000000000000000000e+01 2.640000000000000568e+02 7.470000000000000284e+01
-1.000000000000000000e+01 2.710000000000000000e+02 1.300000000000000000e+02
-1.000000000000000000e+01 2.762500000000000000e+02 2.080000000000000000e+02
-1.000000000000000000e+01 2.830000000000000000e+02 1.130000000000000000e+02
-1.000000000000000000e+01 2.892500000000000568e+02 6.900000000000000000e+01
-1.000000000000000000e+01 2.947499999999999432e+02 4.700000000000000000e+01
-1.000000000000000000e+01 3.025000000000000000e+02 3.660000000000000142e+01
-1.000000000000000000e+01 3.134999999999999432e+02 3.189999999999999858e+01
-1.000000000000000000e+01 3.284999999999999432e+02 2.860000000000000142e+01
-1.000000000000000000e+01 3.435000000000000000e+02 2.430000000000000071e+01
-1.000000000000000000e+01 3.585000000000000000e+02 2.360000000000000142e+01
-2.000000000000000000e+01 5.000000000000000000e+00 2.450000000000000000e+01
-2.000000000000000000e+01 1.850000000000000000e+01 2.310000000000000142e+01
-2.000000000000000000e+01 3.000000000000000000e+01 2.219999999999999929e+01
-2.000000000000000000e+01 4.500000000000000000e+01 1.880000000000000071e+01
-2.000000000000000000e+01 6.000000000000000000e+01 1.750000000000000000e+01
-2.000000000000000000e+01 7.500000000000000000e+01 1.810000000000000142e+01
-2.000000000000000000e+01 9.650000000000000000e+01 2.619999999999999929e+01
-2.000000000000000000e+01 1.060000000000000000e+02 3.119999999999999929e+01
-2.000000000000000000e+01 1.162500000000000000e+02 3.339999999999999858e+01
-2.000000000000000000e+01 1.265000000000000000e+02 2.460000000000000142e+01
-2.000000000000000000e+01 1.365000000000000000e+02 2.030000000000000071e+01
-2.000000000000000000e+01 1.475000000000000000e+02 2.019999999999999929e+01
-2.000000000000000000e+01 1.560000000000000000e+02 2.010000000000000142e+01
-2.000000000000000000e+01 1.660000000000000000e+02 1.960000000000000142e+01
-2.000000000000000000e+01 1.785000000000000000e+02 2.219999999999999929e+01
-2.000000000000000000e+01 1.870000000000000000e+02 2.500000000000000000e+01
-2.000000000000000000e+01 1.985000000000000000e+02 2.780000000000000071e+01
-2.000000000000000000e+01 2.070000000000000000e+02 2.830000000000000071e+01
-2.000000000000000000e+01 2.125000000000000000e+02 3.270000000000000284e+01
-2.000000000000000000e+01 2.260000000000000000e+02 3.620000000000000284e+01
-2.000000000000000000e+01 2.420000000000000000e+02 3.920000000000000284e+01
-2.000000000000000000e+01 2.452500000000000284e+02 4.400000000000000000e+01
-2.000000000000000000e+01 2.500000000000000000e+02 5.020000000000000284e+01
-2.000000000000000000e+01 2.565000000000000568e+02 6.440000000000000568e+01
-2.000000000000000000e+01 2.619999999999999432e+02 9.400000000000000000e+01
-2.000000000000000000e+01 2.690000000000000000e+02 2.150000000000000000e+02
-2.000000000000000000e+01 2.752500000000000568e+02 1.880000000000000000e+02
-2.000000000000000000e+01 2.820000000000000000e+02 8.100000000000000000e+01
-2.000000000000000000e+01 2.880000000000000000e+02 5.000000000000000000e+01
-2.000000000000000000e+01 2.992500000000000000e+02 3.289999999999999858e+01
-2.000000000000000000e+01 3.059999999999999432e+02 2.980000000000000071e+01
-2.000000000000000000e+01 3.185000000000000000e+02 2.800000000000000000e+01
-2.000000000000000000e+01 3.335000000000000000e+02 2.400000000000000000e+01
-2.000000000000000000e+01 3.485000000000000000e+02 2.489999999999999858e+01
-5.000000000000000000e+00 1.805000000000000000e+02 2.310000000000000142e+01
-5.000000000000000000e+00 1.897500000000000000e+02 2.650000000000000000e+01
-5.000000000000000000e+00 2.012500000000000000e+02 2.369999999999999929e+01
-5.000000000000000000e+00 2.052500000000000000e+02 2.480000000000000071e+01
-5.000000000000000000e+00 2.200000000000000000e+02 2.869999999999999929e+01
-5.000000000000000000e+00 2.292500000000000000e+02 3.050000000000000000e+01
-5.000000000000000000e+00 2.402500000000000000e+02 3.289999999999999858e+01
